Add 871112, last=1824584 list [1586976, 871112]
Add 461984, last=1824584 list [1586976, 871112, 461984]
Add 280976, last=1824584 list [1586976, 871112, 461984, 280976]
Add 1765128, last=1824584 list [1765128, 1586976, 871112, 461984, 280976]
Add 1347008, last=1824584 list [1765128, 1586976, 1347008, 871112, 461984, 280976]
Add 287488, last=1824584 list [1765128, 1586976, 1347008, 871112, 461984, 287488, 280976]
Add 361144, last=1824584 list [1765128, 1586976, 1347008, 871112, 461984, 361144, 287488, 280976]
Add 540456, last=1824584 list [1765128, 1586976, 1347008, 871112, 540456, 461984, 361144, 287488, 280976]
Add 435968, last=1824584 list [1765128, 1586976, 1347008, 871112, 540456, 461984, 435968, 361144, 287488, 280976]
Add 1633632, last=1824584 list [1765128, 1633632, 1586976, 1347008, 871112, 540456, 461984, 435968, 361144, 287488, 280976]
Add 1428600, last=1824584 list [1765128, 1633632, 1586976, 1428600, 1347008, 871112, 540456, 461984, 435968, 361144, 287488, 280976]
Add 1216432, last=1824584 list [1765128, 1633632, 1586976, 1428600, 1347008, 1216432, 871112, 540456, 461984, 435968, 361144, 287488, 280976]
Add 896880, last=1824584 list [1765128, 1633632, 1586976, 1428600, 1347008, 1216432, 896880, 871112, 540456, 461984, 435968, 361144, 287488, 280976]
Add 418752, last=1824584 list [1765128, 1633632, 1586976, 1428600, 1347008, 1216432, 896880, 871112, 540456, 461984, 435968, 418752, 361144, 287488, 280976]
Add 2016560, last=1633632 list [1586976, 1428600, 1347008, 1216432, 896880, 871112, 540456, 461984, 435968, 418752, 361144, 287488, 280976, 2016560]
Add 1662872, last=1633632 list [1662872, 1586976, 1428600, 1347008, 1216432, 896880, 871112, 540456, 461984, 435968, 418752, 361144, 287488, 280976, 2016560]
Add 1564648, last=1633632 list [1662872, 1586976, 1564648, 1428600, 1347008, 1216432, 896880, 871112, 540456, 461984, 435968, 418752, 361144, 287488, 280976, 2016560]
Add 1875032, last=1633632 list [1662872, 1586976, 1564648, 1428600, 1347008, 1216432, 896880, 871112, 540456, 461984, 435968, 418752, 361144, 287488, 280976, 1875032, 2016560]
Add 1942064, last=1633632 list [1662872, 1586976, 1564648, 1428600, 1347008, 1216432, 896880, 871112, 540456, 461984, 435968, 418752, 361144, 287488, 280976, 1875032, 1942064, 2016560]
Add 72816, last=1633632 list [1662872, 1586976, 1564648, 1428600, 1347008, 1216432, 896880, 871112, 540456, 461984, 435968, 418752, 361144, 287488, 280976, 72816, 1875032, 1942064, 2016560]
Add 677432, last=1633632 list [1662872, 1586976, 1564648, 1428600, 1347008, 1216432, 896880, 871112, 677432, 540456, 461984, 435968, 418752, 361144, 287488, 280976, 72816, 1875032, 1942064, 2016560]
Add 189024, last=1633632 list [1662872, 1586976, 1564648, 1428600, 1347008, 1216432, 896880, 871112, 677432, 540456, 461984, 435968, 418752, 361144, 287488, 280976, 189024, 72816, 1875032, 1942064, 2016560]
Add 1033120, last=1633632 list [1662872, 1586976, 1564648, 1428600, 1347008, 1216432, 1033120, 896880, 871112, 677432, 540456, 461984, 435968, 418752, 361144, 287488, 280976, 189024, 72816, 1875032, 1942064, 2016560]
Add 2067792, last=1633632 list [1662872, 1586976, 1564648, 1428600, 1347008, 1216432, 1033120, 896880, 871112, 677432, 540456, 461984, 435968, 418752, 361144, 287488, 280976, 189024, 72816, 1875032, 1942064, 2016560, 2067792]
Add 419096, last=1633632 list [1662872, 1586976, 1564648, 1428600, 1347008, 1216432, 1033120, 896880, 871112, 677432, 540456, 461984, 435968, 419096, 418752, 361144, 287488, 280976, 189024, 72816, 1875032, 1942064, 2016560, 2067792]
Add 1659736, last=1633632 list [1659736, 1662872, 1586976, 1564648, 1428600, 1347008, 1216432, 1033120, 896880, 871112, 677432, 540456, 461984, 435968, 419096, 418752, 361144, 287488, 280976, 189024, 72816, 1875032, 1942064, 2016560, 2067792]
Add 867888, last=1633632 list [1659736, 1662872, 1586976, 1564648, 1428600, 1347008, 1216432, 1033120, 896880, 871112, 867888, 677432, 540456, 461984, 435968, 419096, 418752, 361144, 287488, 280976, 189024, 72816, 1875032, 1942064, 2016560, 2067792]
Add 1036216, last=1633632 list [1659736, 1662872, 1586976, 1564648, 1428600, 1347008, 1216432, 1036216, 1033120, 896880, 871112, 867888, 677432, 540456, 461984, 435968, 419096, 418752, 361144, 287488, 280976, 189024, 72816, 1875032, 1942064, 2016560, 2067792]
Add 1614328, last=1633632 list [1614328, 1659736, 1662872, 1586976, 1564648, 1428600, 1347008, 1216432, 1036216, 1033120, 896880, 871112, 867888, 677432, 540456, 461984, 435968, 419096, 418752, 361144, 287488, 280976, 189024, 72816, 1875032, 1942064, 2016560, 2067792]
Add 382128, last=1633632 list [1614328, 1659736, 1662872, 1586976, 1564648, 1428600, 1347008, 1216432, 1036216, 1033120, 896880, 871112, 867888, 677432, 540456, 461984, 435968, 419096, 418752, 382128, 361144, 287488, 280976, 189024, 72816, 1875032, 1942064, 2016560, 2067792]
Add 851024, last=1633632 list [1614328, 1659736, 1662872, 1586976, 1564648, 1428600, 1347008, 1216432, 1036216, 1033120, 896880, 871112, 867888, 851024, 677432, 540456, 461984, 435968, 419096, 418752, 382128, 361144, 287488, 280976, 189024, 72816, 1875032, 1942064, 2016560, 2067792]
Add 279072, last=1633632 list [1614328, 1659736, 1662872, 1586976, 1564648, 1428600, 1347008, 1216432, 1036216, 1033120, 896880, 871112, 867888, 851024, 677432, 540456, 461984, 435968, 419096, 418752, 382128, 361144, 287488, 280976, 279072, 189024, 72816, 1875032, 1942064, 2016560, 2067792]
Add 1246208, last=1633632 list [1614328, 1659736, 1662872, 1586976, 1564648, 1428600, 1347008, 1246208, 1216432, 1036216, 1033120, 896880, 871112, 867888, 851024, 677432, 540456, 461984, 435968, 419096, 418752, 382128, 361144, 287488, 280976, 279072, 189024, 72816, 1875032, 1942064, 2016560, 2067792]
Add 1628744, last=1633632 list [1628744, 1614328, 1659736, 1662872, 1586976, 1564648, 1428600, 1347008, 1246208, 1216432, 1036216, 1033120, 896880, 871112, 867888, 851024, 677432, 540456, 461984, 435968, 419096, 418752, 382128, 361144, 287488, 280976, 279072, 189024, 72816, 1875032, 1942064, 2016560, 2067792]
Add 238904, last=1633632 list [1628744, 1614328, 1659736, 1662872, 1586976, 1564648, 1428600, 1347008, 1246208, 1216432, 1036216, 1033120, 896880, 871112, 867888, 851024, 677432, 540456, 461984, 435968, 419096, 418752, 382128, 361144, 287488, 280976, 279072, 238904, 189024, 72816, 1875032, 1942064, 2016560, 2067792]
Add 1457032, last=1633632 list [1628744, 1614328, 1659736, 1662872, 1586976, 1564648, 1457032, 1428600, 1347008, 1246208, 1216432, 1036216, 1033120, 896880, 871112, 867888, 851024, 677432, 540456, 461984, 435968, 419096, 418752, 382128, 361144, 287488, 280976, 279072, 238904, 189024, 72816, 1875032, 1942064, 2016560, 2067792]
Add 1348480, last=1633632 list [1628744, 1614328, 1659736, 1662872, 1586976, 1564648, 1457032, 1428600, 1348480, 1347008, 1246208, 1216432, 1036216, 1033120, 896880, 871112, 867888, 851024, 677432, 540456, 461984, 435968, 419096, 418752, 382128, 361144, 287488, 280976, 279072, 238904, 189024, 72816, 1875032, 1942064, 2016560, 2067792]
Add 970064, last=1633632 list [1628744, 1614328, 1659736, 1662872, 1586976, 1564648, 1457032, 1428600, 1348480, 1347008, 1246208, 1216432, 1036216, 1033120, 970064, 896880, 871112, 867888, 851024, 677432, 540456, 461984, 435968, 419096, 418752, 382128, 361144, 287488, 280976, 279072, 238904, 189024, 72816, 1875032, 1942064, 2016560, 2067792]
Add 1806928, last=1633632 list [1628744, 1614328, 1659736, 1662872, 1586976, 1564648, 1457032, 1428600, 1348480, 1347008, 1246208, 1216432, 1036216, 1033120, 970064, 896880, 871112, 867888, 851024, 677432, 540456, 461984, 435968, 419096, 418752, 382128, 361144, 287488, 280976, 279072, 238904, 189024, 72816, 1806928, 1875032, 1942064, 2016560, 2067792]
Add 637992, last=1633632 list [1628744, 1614328, 1659736, 1662872, 1586976, 1564648, 1457032, 1428600, 1348480, 1347008, 1246208, 1216432, 1036216, 1033120, 970064, 896880, 871112, 867888, 851024, 677432, 637992, 540456, 461984, 435968, 419096, 418752, 382128, 361144, 287488, 280976, 279072, 238904, 189024, 72816, 1806928, 1875032, 1942064, 2016560, 2067792]
Add 1464680, last=1633632 list [1628744, 1614328, 1659736, 1662872, 1586976, 1564648, 1464680, 1457032, 1428600, 1348480, 1347008, 1246208, 1216432, 1036216, 1033120, 970064, 896880, 871112, 867888, 851024, 677432, 637992, 540456, 461984, 435968, 419096, 418752, 382128, 361144, 287488, 280976, 279072, 238904, 189024, 72816, 1806928, 1875032, 1942064, 2016560, 2067792]
Add 701488, last=1633632 list [1628744, 1614328, 1659736, 1662872, 1586976, 1564648, 1464680, 1457032, 1428600, 1348480, 1347008, 1246208, 1216432, 1036216, 1033120, 970064, 896880, 871112, 867888, 851024, 701488, 677432, 637992, 540456, 461984, 435968, 419096, 418752, 382128, 361144, 287488, 280976, 279072, 238904, 189024, 72816, 1806928, 1875032, 1942064, 2016560, 2067792]
Add 1255480, last=1633632 list [1628744, 1614328, 1659736, 1662872, 1586976, 1564648, 1464680, 1457032, 1428600, 1348480, 1347008, 1255480, 1246208, 1216432, 1036216, 1033120, 970064, 896880, 871112, 867888, 851024, 701488, 677432, 637992, 540456, 461984, 435968, 419096, 418752, 382128, 361144, 287488, 280976, 279072, 238904, 189024, 72816, 1806928, 1875032, 1942064, 2016560, 2067792]
Add 750712, last=1633632 list [1628744, 1614328, 1659736, 1662872, 1586976, 1564648, 1464680, 1457032, 1428600, 1348480, 1347008, 1255480, 1246208, 1216432, 1036216, 1033120, 970064, 896880, 871112, 867888, 851024, 750712, 701488, 677432, 637992, 540456, 461984, 435968, 419096, 418752, 382128, 361144, 287488, 280976, 279072, 238904, 189024, 72816, 1806928, 1875032, 1942064, 2016560, 2067792]
Add 950944, last=1633632 list [1628744, 1614328, 1659736, 1662872, 1586976, 1564648, 1464680, 1457032, 1428600, 1348480, 1347008, 1255480, 1246208, 1216432, 1036216, 1033120, 970064, 950944, 896880, 871112, 867888, 851024, 750712, 701488, 677432, 637992, 540456, 461984, 435968, 419096, 418752, 382128, 361144, 287488, 280976, 279072, 238904, 189024, 72816, 1806928, 1875032, 1942064, 2016560, 2067792]
Add 1809784, last=1633632 list [1628744, 1614328, 1659736, 1662872, 1586976, 1564648, 1464680, 1457032, 1428600, 1348480, 1347008, 1255480, 1246208, 1216432, 1036216, 1033120, 970064, 950944, 896880, 871112, 867888, 851024, 750712, 701488, 677432, 637992, 540456, 461984, 435968, 419096, 418752, 382128, 361144, 287488, 280976, 279072, 238904, 189024, 72816, 1806928, 1809784, 1875032, 1942064, 2016560, 2067792]
Add 1947600, last=1633632 list [1628744, 1614328, 1659736, 1662872, 1586976, 1564648, 1464680, 1457032, 1428600, 1348480, 1347008, 1255480, 1246208, 1216432, 1036216, 1033120, 970064, 950944, 896880, 871112, 867888, 851024, 750712, 701488, 677432, 637992, 540456, 461984, 435968, 419096, 418752, 382128, 361144, 287488, 280976, 279072, 238904, 189024, 72816, 1806928, 1809784, 1875032, 1942064, 1947600, 2016560, 2067792]
Add 1135520, last=1633632 list [1628744, 1614328, 1659736, 1662872, 1586976, 1564648, 1464680, 1457032, 1428600, 1348480, 1347008, 1255480, 1246208, 1216432, 1135520, 1036216, 1033120, 970064, 950944, 896880, 871112, 867888, 851024, 750712, 701488, 677432, 637992, 540456, 461984, 435968, 419096, 418752, 382128, 361144, 287488, 280976, 279072, 238904, 189024, 72816, 1806928, 1809784, 1875032, 1942064, 1947600, 2016560, 2067792]
Add 798240, last=1633632 list [1628744, 1614328, 1659736, 1662872, 1586976, 1564648, 1464680, 1457032, 1428600, 1348480, 1347008, 1255480, 1246208, 1216432, 1135520, 1036216, 1033120, 970064, 950944, 896880, 871112, 867888, 851024, 798240, 750712, 701488, 677432, 637992, 540456, 461984, 435968, 419096, 418752, 382128, 361144, 287488, 280976, 279072, 238904, 189024, 72816, 1806928, 1809784, 1875032, 1942064, 1947600, 2016560, 2067792]
Add 1456456, last=1633632 list [1628744, 1614328, 1659736, 1662872, 1586976, 1564648, 1464680, 1457032, 1456456, 1428600, 1348480, 1347008, 1255480, 1246208, 1216432, 1135520, 1036216, 1033120, 970064, 950944, 896880, 871112, 867888, 851024, 798240, 750712, 701488, 677432, 637992, 540456, 461984, 435968, 419096, 418752, 382128, 361144, 287488, 280976, 279072, 238904, 189024, 72816, 1806928, 1809784, 1875032, 1942064, 1947600, 2016560, 2067792]
Add 365864, last=1633632 list [1628744, 1614328, 1659736, 1662872, 1586976, 1564648, 1464680, 1457032, 1456456, 1428600, 1348480, 1347008, 1255480, 1246208, 1216432, 1135520, 1036216, 1033120, 970064, 950944, 896880, 871112, 867888, 851024, 798240, 750712, 701488, 677432, 637992, 540456, 461984, 435968, 419096, 418752, 382128, 365864, 361144, 287488, 280976, 279072, 238904, 189024, 72816, 1806928, 1809784, 1875032, 1942064, 1947600, 2016560, 2067792]
Add 467640, last=1633632 list [1628744, 1614328, 1659736, 1662872, 1586976, 1564648, 1464680, 1457032, 1456456, 1428600, 1348480, 1347008, 1255480, 1246208, 1216432, 1135520, 1036216, 1033120, 970064, 950944, 896880, 871112, 867888, 851024, 798240, 750712, 701488, 677432, 637992, 540456, 467640, 461984, 435968, 419096, 418752, 382128, 365864, 361144, 287488, 280976, 279072, 238904, 189024, 72816, 1806928, 1809784, 1875032, 1942064, 1947600, 2016560, 2067792]
Add 202800, last=1633632 list [1628744, 1614328, 1659736, 1662872, 1586976, 1564648, 1464680, 1457032, 1456456, 1428600, 1348480, 1347008, 1255480, 1246208, 1216432, 1135520, 1036216, 1033120, 970064, 950944, 896880, 871112, 867888, 851024, 798240, 750712, 701488, 677432, 637992, 540456, 467640, 461984, 435968, 419096, 418752, 382128, 365864, 361144, 287488, 280976, 279072, 238904, 202800, 189024, 72816, 1806928, 1809784, 1875032, 1942064, 1947600, 2016560, 2067792]
Add 1292912, last=1633632 list [1628744, 1614328, 1659736, 1662872, 1586976, 1564648, 1464680, 1457032, 1456456, 1428600, 1348480, 1347008, 1292912, 1255480, 1246208, 1216432, 1135520, 1036216, 1033120, 970064, 950944, 896880, 871112, 867888, 851024, 798240, 750712, 701488, 677432, 637992, 540456, 467640, 461984, 435968, 419096, 418752, 382128, 365864, 361144, 287488, 280976, 279072, 238904, 202800, 189024, 72816, 1806928, 1809784, 1875032, 1942064, 1947600, 2016560, 2067792]
Add 899264, last=1633632 list [1628744, 1614328, 1659736, 1662872, 1586976, 1564648, 1464680, 1457032, 1456456, 1428600, 1348480, 1347008, 1292912, 1255480, 1246208, 1216432, 1135520, 1036216, 1033120, 970064, 950944, 899264, 896880, 871112, 867888, 851024, 798240, 750712, 701488, 677432, 637992, 540456, 467640, 461984, 435968, 419096, 418752, 382128, 365864, 361144, 287488, 280976, 279072, 238904, 202800, 189024, 72816, 1806928, 1809784, 1875032, 1942064, 1947600, 2016560, 2067792]
Add 360760, last=1628744 list [1614328, 1659736, 1662872, 1586976, 1564648, 1464680, 1457032, 1456456, 1428600, 1348480, 1347008, 1292912, 1255480, 1246208, 1216432, 1135520, 1036216, 1033120, 970064, 950944, 899264, 896880, 871112, 867888, 851024, 798240, 750712, 701488, 677432, 637992, 540456, 467640, 461984, 435968, 419096, 418752, 382128, 365864, 361144, 360760, 287488, 280976, 279072, 238904, 202800, 189024, 72816, 1806928, 1809784, 1875032, 1942064, 1947600, 2016560, 2067792]
Add 54344, last=1628744 list [1614328, 1659736, 1662872, 1586976, 1564648, 1464680, 1457032, 1456456, 1428600, 1348480, 1347008, 1292912, 1255480, 1246208, 1216432, 1135520, 1036216, 1033120, 970064, 950944, 899264, 896880, 871112, 867888, 851024, 798240, 750712, 701488, 677432, 637992, 540456, 467640, 461984, 435968, 419096, 418752, 382128, 365864, 361144, 360760, 287488, 280976, 279072, 238904, 202800, 189024, 72816, 54344, 1806928, 1809784, 1875032, 1942064, 1947600, 2016560, 2067792]
Add 991160, last=1628744 list [1614328, 1659736, 1662872, 1586976, 1564648, 1464680, 1457032, 1456456, 1428600, 1348480, 1347008, 1292912, 1255480, 1246208, 1216432, 1135520, 1036216, 1033120, 991160, 970064, 950944, 899264, 896880, 871112, 867888, 851024, 798240, 750712, 701488, 677432, 637992, 540456, 467640, 461984, 435968, 419096, 418752, 382128, 365864, 361144, 360760, 287488, 280976, 279072, 238904, 202800, 189024, 72816, 54344, 1806928, 1809784, 1875032, 1942064, 1947600, 2016560, 2067792]
Add 889528, last=1628744 list [1614328, 1659736, 1662872, 1586976, 1564648, 1464680, 1457032, 1456456, 1428600, 1348480, 1347008, 1292912, 1255480, 1246208, 1216432, 1135520, 1036216, 1033120, 991160, 970064, 950944, 899264, 896880, 889528, 871112, 867888, 851024, 798240, 750712, 701488, 677432, 637992, 540456, 467640, 461984, 435968, 419096, 418752, 382128, 365864, 361144, 360760, 287488, 280976, 279072, 238904, 202800, 189024, 72816, 54344, 1806928, 1809784, 1875032, 1942064, 1947600, 2016560, 2067792]
Add 1649696, last=1628744 list [1614328, 1649696, 1659736, 1662872, 1586976, 1564648, 1464680, 1457032, 1456456, 1428600, 1348480, 1347008, 1292912, 1255480, 1246208, 1216432, 1135520, 1036216, 1033120, 991160, 970064, 950944, 899264, 896880, 889528, 871112, 867888, 851024, 798240, 750712, 701488, 677432, 637992, 540456, 467640, 461984, 435968, 419096, 418752, 382128, 365864, 361144, 360760, 287488, 280976, 279072, 238904, 202800, 189024, 72816, 54344, 1806928, 1809784, 1875032, 1942064, 1947600, 2016560, 2067792]
Add 657400, last=1614328 list [1649696, 1659736, 1662872, 1586976, 1564648, 1464680, 1457032, 1456456, 1428600, 1348480, 1347008, 1292912, 1255480, 1246208, 1216432, 1135520, 1036216, 1033120, 991160, 970064, 950944, 899264, 896880, 889528, 871112, 867888, 851024, 798240, 750712, 701488, 677432, 657400, 637992, 540456, 467640, 461984, 435968, 419096, 418752, 382128, 365864, 361144, 360760, 287488, 280976, 279072, 238904, 202800, 189024, 72816, 54344, 1806928, 1809784, 1875032, 1942064, 1947600, 2016560, 2067792]
erro, disp 1649696 deveria ser disp 1586976
	last=1614328, 35368 > 27352  'M'
Add 9472, last=236952 list [9472, 561704]
Add 145360, last=236952 list [145360, 9472, 561704]
Add 1731624, last=236952 list [145360, 9472, 561704, 1731624]
Add 1474120, last=236952 list [145360, 9472, 561704, 1474120, 1731624]
Add 925656, last=236952 list [145360, 9472, 561704, 925656, 1474120, 1731624]
Add 1240096, last=236952 list [145360, 9472, 561704, 925656, 1240096, 1474120, 1731624]
Add 935736, last=236952 list [145360, 9472, 561704, 925656, 935736, 1240096, 1474120, 1731624]
Add 1291496, last=236952 list [145360, 9472, 561704, 925656, 935736, 1240096, 1291496, 1474120, 1731624]
Add 703480, last=236952 list [145360, 9472, 561704, 703480, 925656, 935736, 1240096, 1291496, 1474120, 1731624]
Add 1266752, last=236952 list [145360, 9472, 561704, 703480, 925656, 935736, 1240096, 1266752, 1291496, 1474120, 1731624]
Add 2066176, last=236952 list [145360, 9472, 561704, 703480, 925656, 935736, 1240096, 1266752, 1291496, 1474120, 1731624, 2066176]
Add 1908008, last=236952 list [145360, 9472, 561704, 703480, 925656, 935736, 1240096, 1266752, 1291496, 1474120, 1731624, 1908008, 2066176]
Add 212360, last=236952 list [212360, 145360, 9472, 561704, 703480, 925656, 935736, 1240096, 1266752, 1291496, 1474120, 1731624, 1908008, 2066176]
Add 385512, last=236952 list [212360, 145360, 9472, 385512, 561704, 703480, 925656, 935736, 1240096, 1266752, 1291496, 1474120, 1731624, 1908008, 2066176]
Add 362880, last=236952 list [212360, 145360, 9472, 362880, 385512, 561704, 703480, 925656, 935736, 1240096, 1266752, 1291496, 1474120, 1731624, 1908008, 2066176]
Add 280944, last=925656 list [935736, 1240096, 1266752, 1291496, 1474120, 1731624, 1908008, 2066176, 280944]
Add 1277248, last=925656 list [935736, 1240096, 1266752, 1277248, 1291496, 1474120, 1731624, 1908008, 2066176, 280944]
Add 1303088, last=925656 list [935736, 1240096, 1266752, 1277248, 1291496, 1303088, 1474120, 1731624, 1908008, 2066176, 280944]
Add 146128, last=925656 list [935736, 1240096, 1266752, 1277248, 1291496, 1303088, 1474120, 1731624, 1908008, 2066176, 280944, 146128]
Add 1640064, last=925656 list [935736, 1240096, 1266752, 1277248, 1291496, 1303088, 1474120, 1640064, 1731624, 1908008, 2066176, 280944, 146128]
Add 1641704, last=925656 list [935736, 1240096, 1266752, 1277248, 1291496, 1303088, 1474120, 1640064, 1641704, 1731624, 1908008, 2066176, 280944, 146128]
Add 1456408, last=925656 list [935736, 1240096, 1266752, 1277248, 1291496, 1303088, 1456408, 1474120, 1640064, 1641704, 1731624, 1908008, 2066176, 280944, 146128]
Add 1238480, last=925656 list [935736, 1238480, 1240096, 1266752, 1277248, 1291496, 1303088, 1456408, 1474120, 1640064, 1641704, 1731624, 1908008, 2066176, 280944, 146128]
Add 1573968, last=925656 list [935736, 1238480, 1240096, 1266752, 1277248, 1291496, 1303088, 1456408, 1474120, 1573968, 1640064, 1641704, 1731624, 1908008, 2066176, 280944, 146128]
Add 720824, last=925656 list [935736, 720824, 1238480, 1240096, 1266752, 1277248, 1291496, 1303088, 1456408, 1474120, 1573968, 1640064, 1641704, 1731624, 1908008, 2066176, 280944, 146128]
Add 840608, last=925656 list [935736, 840608, 720824, 1238480, 1240096, 1266752, 1277248, 1291496, 1303088, 1456408, 1474120, 1573968, 1640064, 1641704, 1731624, 1908008, 2066176, 280944, 146128]
Add 928976, last=925656 list [928976, 935736, 840608, 720824, 1238480, 1240096, 1266752, 1277248, 1291496, 1303088, 1456408, 1474120, 1573968, 1640064, 1641704, 1731624, 1908008, 2066176, 280944, 146128]
Add 701472, last=925656 list [928976, 935736, 840608, 720824, 701472, 1238480, 1240096, 1266752, 1277248, 1291496, 1303088, 1456408, 1474120, 1573968, 1640064, 1641704, 1731624, 1908008, 2066176, 280944, 146128]
Add 1457936, last=925656 list [928976, 935736, 840608, 720824, 701472, 1238480, 1240096, 1266752, 1277248, 1291496, 1303088, 1456408, 1457936, 1474120, 1573968, 1640064, 1641704, 1731624, 1908008, 2066176, 280944, 146128]
Add 729440, last=925656 list [928976, 935736, 840608, 729440, 720824, 701472, 1238480, 1240096, 1266752, 1277248, 1291496, 1303088, 1456408, 1457936, 1474120, 1573968, 1640064, 1641704, 1731624, 1908008, 2066176, 280944, 146128]
Add 1945368, last=925656 list [928976, 935736, 840608, 729440, 720824, 701472, 1238480, 1240096, 1266752, 1277248, 1291496, 1303088, 1456408, 1457936, 1474120, 1573968, 1640064, 1641704, 1731624, 1908008, 1945368, 2066176, 280944, 146128]
Add 1473824, last=925656 list [928976, 935736, 840608, 729440, 720824, 701472, 1238480, 1240096, 1266752, 1277248, 1291496, 1303088, 1456408, 1457936, 1473824, 1474120, 1573968, 1640064, 1641704, 1731624, 1908008, 1945368, 2066176, 280944, 146128]
Add 940896, last=925656 list [928976, 935736, 940896, 840608, 729440, 720824, 701472, 1238480, 1240096, 1266752, 1277248, 1291496, 1303088, 1456408, 1457936, 1473824, 1474120, 1573968, 1640064, 1641704, 1731624, 1908008, 1945368, 2066176, 280944, 146128]
erro, disp 1238480 deveria ser disp 280944
	last=701472, 537008 > 420528  'M'
Add 725512, last=1457936 list [1473824, 1474120, 1573968, 1640064, 1641704, 1731624, 1908008, 1945368, 2066176, 725512, 280944, 146128]
Add 1548936, last=1457936 list [1473824, 1474120, 1548936, 1573968, 1640064, 1641704, 1731624, 1908008, 1945368, 2066176, 725512, 280944, 146128]
Add 743232, last=1340688 list [743232, 231488]
Add 1962616, last=1340688 list [743232, 231488, 1962616]
Add 2030968, last=1340688 list [743232, 231488, 1962616, 2030968]
Add 1975408, last=1340688 list [743232, 231488, 1962616, 1975408, 2030968]
Add 1817208, last=1340688 list [1817208, 743232, 231488, 1962616, 1975408, 2030968]
Add 1058960, last=1340688 list [1058960, 1817208, 743232, 231488, 1962616, 1975408, 2030968]
Add 1705992, last=1340688 list [1058960, 1705992, 1817208, 743232, 231488, 1962616, 1975408, 2030968]
Add 771952, last=1340688 list [1058960, 771952, 1705992, 1817208, 743232, 231488, 1962616, 1975408, 2030968]
Add 1081728, last=1340688 list [1081728, 1058960, 771952, 1705992, 1817208, 743232, 231488, 1962616, 1975408, 2030968]
Add 464408, last=1340688 list [1081728, 1058960, 771952, 464408, 1705992, 1817208, 743232, 231488, 1962616, 1975408, 2030968]
Add 1208728, last=1340688 list [1208728, 1081728, 1058960, 771952, 464408, 1705992, 1817208, 743232, 231488, 1962616, 1975408, 2030968]
Add 542768, last=1340688 list [1208728, 1081728, 1058960, 771952, 542768, 464408, 1705992, 1817208, 743232, 231488, 1962616, 1975408, 2030968]
Add 1931728, last=1340688 list [1208728, 1081728, 1058960, 771952, 542768, 464408, 1705992, 1817208, 1931728, 743232, 231488, 1962616, 1975408, 2030968]
Add 1916528, last=1340688 list [1208728, 1081728, 1058960, 771952, 542768, 464408, 1705992, 1817208, 1916528, 1931728, 743232, 231488, 1962616, 1975408, 2030968]
Add 290232, last=1340688 list [1208728, 1081728, 1058960, 771952, 542768, 464408, 290232, 1705992, 1817208, 1916528, 1931728, 743232, 231488, 1962616, 1975408, 2030968]
Add 503008, last=1340688 list [1208728, 1081728, 1058960, 771952, 542768, 503008, 464408, 290232, 1705992, 1817208, 1916528, 1931728, 743232, 231488, 1962616, 1975408, 2030968]
Add 1617832, last=1340688 list [1208728, 1081728, 1058960, 771952, 542768, 503008, 464408, 290232, 1617832, 1705992, 1817208, 1916528, 1931728, 743232, 231488, 1962616, 1975408, 2030968]
Add 856696, last=1340688 list [1208728, 1081728, 1058960, 856696, 771952, 542768, 503008, 464408, 290232, 1617832, 1705992, 1817208, 1916528, 1931728, 743232, 231488, 1962616, 1975408, 2030968]
Add 567824, last=1340688 list [1208728, 1081728, 1058960, 856696, 771952, 567824, 542768, 503008, 464408, 290232, 1617832, 1705992, 1817208, 1916528, 1931728, 743232, 231488, 1962616, 1975408, 2030968]
Add 905000, last=1340688 list [1208728, 1081728, 1058960, 905000, 856696, 771952, 567824, 542768, 503008, 464408, 290232, 1617832, 1705992, 1817208, 1916528, 1931728, 743232, 231488, 1962616, 1975408, 2030968]
Add 1665680, last=1340688 list [1208728, 1081728, 1058960, 905000, 856696, 771952, 567824, 542768, 503008, 464408, 290232, 1617832, 1665680, 1705992, 1817208, 1916528, 1931728, 743232, 231488, 1962616, 1975408, 2030968]
Add 766976, last=1340688 list [1208728, 1081728, 1058960, 905000, 856696, 771952, 766976, 567824, 542768, 503008, 464408, 290232, 1617832, 1665680, 1705992, 1817208, 1916528, 1931728, 743232, 231488, 1962616, 1975408, 2030968]
Add 1764368, last=1340688 list [1208728, 1081728, 1058960, 905000, 856696, 771952, 766976, 567824, 542768, 503008, 464408, 290232, 1617832, 1665680, 1705992, 1764368, 1817208, 1916528, 1931728, 743232, 231488, 1962616, 1975408, 2030968]
Add 1349304, last=1340688 list [1349304, 1208728, 1081728, 1058960, 905000, 856696, 771952, 766976, 567824, 542768, 503008, 464408, 290232, 1617832, 1665680, 1705992, 1764368, 1817208, 1916528, 1931728, 743232, 231488, 1962616, 1975408, 2030968]
Add 377704, last=1340688 list [1349304, 1208728, 1081728, 1058960, 905000, 856696, 771952, 766976, 567824, 542768, 503008, 464408, 377704, 290232, 1617832, 1665680, 1705992, 1764368, 1817208, 1916528, 1931728, 743232, 231488, 1962616, 1975408, 2030968]
Add 273296, last=1340688 list [1349304, 1208728, 1081728, 1058960, 905000, 856696, 771952, 766976, 567824, 542768, 503008, 464408, 377704, 290232, 273296, 1617832, 1665680, 1705992, 1764368, 1817208, 1916528, 1931728, 743232, 231488, 1962616, 1975408, 2030968]
Add 699152, last=1340688 list [1349304, 1208728, 1081728, 1058960, 905000, 856696, 771952, 766976, 699152, 567824, 542768, 503008, 464408, 377704, 290232, 273296, 1617832, 1665680, 1705992, 1764368, 1817208, 1916528, 1931728, 743232, 231488, 1962616, 1975408, 2030968]
Add 1061096, last=1340688 list [1349304, 1208728, 1081728, 1061096, 1058960, 905000, 856696, 771952, 766976, 699152, 567824, 542768, 503008, 464408, 377704, 290232, 273296, 1617832, 1665680, 1705992, 1764368, 1817208, 1916528, 1931728, 743232, 231488, 1962616, 1975408, 2030968]
Add 1660336, last=1340688 list [1349304, 1208728, 1081728, 1061096, 1058960, 905000, 856696, 771952, 766976, 699152, 567824, 542768, 503008, 464408, 377704, 290232, 273296, 1617832, 1660336, 1665680, 1705992, 1764368, 1817208, 1916528, 1931728, 743232, 231488, 1962616, 1975408, 2030968]
Add 1460328, last=1340688 list [1349304, 1460328, 1208728, 1081728, 1061096, 1058960, 905000, 856696, 771952, 766976, 699152, 567824, 542768, 503008, 464408, 377704, 290232, 273296, 1617832, 1660336, 1665680, 1705992, 1764368, 1817208, 1916528, 1931728, 743232, 231488, 1962616, 1975408, 2030968]
Add 1495632, last=1340688 list [1349304, 1460328, 1495632, 1208728, 1081728, 1061096, 1058960, 905000, 856696, 771952, 766976, 699152, 567824, 542768, 503008, 464408, 377704, 290232, 273296, 1617832, 1660336, 1665680, 1705992, 1764368, 1817208, 1916528, 1931728, 743232, 231488, 1962616, 1975408, 2030968]
Add 699968, last=1340688 list [1349304, 1460328, 1495632, 1208728, 1081728, 1061096, 1058960, 905000, 856696, 771952, 766976, 699968, 699152, 567824, 542768, 503008, 464408, 377704, 290232, 273296, 1617832, 1660336, 1665680, 1705992, 1764368, 1817208, 1916528, 1931728, 743232, 231488, 1962616, 1975408, 2030968]
Add 945952, last=1340688 list [1349304, 1460328, 1495632, 1208728, 1081728, 1061096, 1058960, 945952, 905000, 856696, 771952, 766976, 699968, 699152, 567824, 542768, 503008, 464408, 377704, 290232, 273296, 1617832, 1660336, 1665680, 1705992, 1764368, 1817208, 1916528, 1931728, 743232, 231488, 1962616, 1975408, 2030968]
Add 1787984, last=1340688 list [1349304, 1460328, 1495632, 1208728, 1081728, 1061096, 1058960, 945952, 905000, 856696, 771952, 766976, 699968, 699152, 567824, 542768, 503008, 464408, 377704, 290232, 273296, 1617832, 1660336, 1665680, 1705992, 1764368, 1787984, 1817208, 1916528, 1931728, 743232, 231488, 1962616, 1975408, 2030968]
Add 788080, last=1340688 list [1349304, 1460328, 1495632, 1208728, 1081728, 1061096, 1058960, 945952, 905000, 856696, 788080, 771952, 766976, 699968, 699152, 567824, 542768, 503008, 464408, 377704, 290232, 273296, 1617832, 1660336, 1665680, 1705992, 1764368, 1787984, 1817208, 1916528, 1931728, 743232, 231488, 1962616, 1975408, 2030968]
erro, disp 1208728 deveria ser disp 1617832
	last=1495632, 286904 > 122200  'H, last = 1340688'
Add 902072, last=1081728 list [1061096, 1058960, 945952, 905000, 902072, 856696, 788080, 771952, 766976, 699968, 699152, 567824, 542768, 503008, 464408, 377704, 290232, 273296, 1617832, 1660336, 1665680, 1705992, 1764368, 1787984, 1817208, 1916528, 1931728, 743232, 231488, 1962616, 1975408, 2030968]
Add 987344, last=1081728 list [1061096, 1058960, 987344, 945952, 905000, 902072, 856696, 788080, 771952, 766976, 699968, 699152, 567824, 542768, 503008, 464408, 377704, 290232, 273296, 1617832, 1660336, 1665680, 1705992, 1764368, 1787984, 1817208, 1916528, 1931728, 743232, 231488, 1962616, 1975408, 2030968]
Add 1294464, last=1081728 list [1061096, 1058960, 987344, 945952, 905000, 902072, 856696, 788080, 771952, 766976, 699968, 699152, 567824, 542768, 503008, 464408, 377704, 290232, 273296, 1294464, 1617832, 1660336, 1665680, 1705992, 1764368, 1787984, 1817208, 1916528, 1931728, 743232, 231488, 1962616, 1975408, 2030968]
Add 786280, last=1081728 list [1061096, 1058960, 987344, 945952, 905000, 902072, 856696, 788080, 786280, 771952, 766976, 699968, 699152, 567824, 542768, 503008, 464408, 377704, 290232, 273296, 1294464, 1617832, 1660336, 1665680, 1705992, 1764368, 1787984, 1817208, 1916528, 1931728, 743232, 231488, 1962616, 1975408, 2030968]
Add 212552, last=1081728 list [1061096, 1058960, 987344, 945952, 905000, 902072, 856696, 788080, 786280, 771952, 766976, 699968, 699152, 567824, 542768, 503008, 464408, 377704, 290232, 273296, 212552, 1294464, 1617832, 1660336, 1665680, 1705992, 1764368, 1787984, 1817208, 1916528, 1931728, 743232, 231488, 1962616, 1975408, 2030968]
Add 1237568, last=1081728 list [1061096, 1058960, 987344, 945952, 905000, 902072, 856696, 788080, 786280, 771952, 766976, 699968, 699152, 567824, 542768, 503008, 464408, 377704, 290232, 273296, 212552, 1237568, 1294464, 1617832, 1660336, 1665680, 1705992, 1764368, 1787984, 1817208, 1916528, 1931728, 743232, 231488, 1962616, 1975408, 2030968]
Add 402696, last=1081728 list [1061096, 1058960, 987344, 945952, 905000, 902072, 856696, 788080, 786280, 771952, 766976, 699968, 699152, 567824, 542768, 503008, 464408, 402696, 377704, 290232, 273296, 212552, 1237568, 1294464, 1617832, 1660336, 1665680, 1705992, 1764368, 1787984, 1817208, 1916528, 1931728, 743232, 231488, 1962616, 1975408, 2030968]
Add 602664, last=1081728 list [1061096, 1058960, 987344, 945952, 905000, 902072, 856696, 788080, 786280, 771952, 766976, 699968, 699152, 602664, 567824, 542768, 503008, 464408, 402696, 377704, 290232, 273296, 212552, 1237568, 1294464, 1617832, 1660336, 1665680, 1705992, 1764368, 1787984, 1817208, 1916528, 1931728, 743232, 231488, 1962616, 1975408, 2030968]
Add 664448, last=1081728 list [1061096, 1058960, 987344, 945952, 905000, 902072, 856696, 788080, 786280, 771952, 766976, 699968, 699152, 664448, 602664, 567824, 542768, 503008, 464408, 402696, 377704, 290232, 273296, 212552, 1237568, 1294464, 1617832, 1660336, 1665680, 1705992, 1764368, 1787984, 1817208, 1916528, 1931728, 743232, 231488, 1962616, 1975408, 2030968]
Add 1869312, last=856696 list [788080, 786280, 771952, 766976, 699968, 699152, 664448, 602664, 567824, 542768, 503008, 464408, 402696, 377704, 290232, 273296, 212552, 1237568, 1294464, 1617832, 1660336, 1665680, 1705992, 1764368, 1787984, 1817208, 1869312, 1916528, 1931728, 743232, 231488, 1962616, 1975408, 2030968]
erro, disp 699968 deveria ser disp 743232
	last=766976, 67008 > 23744  'M'
erro, disp 212552 deveria ser disp 231488
	last=273296, 60744 > 41808  'M'
erro, disp 1237568 deveria ser disp 231488
	last=212552, 1025016 > 18936  'M'
erro, disp 743232 deveria ser disp 1962616
	last=1931728, 1188496 > 30888  'H, last = 1340688'
Add 250416, last=99512 list [250416, 983632]
Add 1853120, last=99512 list [250416, 983632, 1853120]
Add 1670192, last=99512 list [250416, 983632, 1670192, 1853120]
Add 292600, last=99512 list [250416, 292600, 983632, 1670192, 1853120]
Add 634056, last=99512 list [250416, 292600, 634056, 983632, 1670192, 1853120]
Add 1504704, last=99512 list [250416, 292600, 634056, 983632, 1504704, 1670192, 1853120]
Add 1266832, last=99512 list [250416, 292600, 634056, 983632, 1266832, 1504704, 1670192, 1853120]
Add 1463328, last=99512 list [250416, 292600, 634056, 983632, 1266832, 1463328, 1504704, 1670192, 1853120]
Add 420896, last=99512 list [250416, 292600, 420896, 634056, 983632, 1266832, 1463328, 1504704, 1670192, 1853120]
Add 1701568, last=99512 list [250416, 292600, 420896, 634056, 983632, 1266832, 1463328, 1504704, 1670192, 1701568, 1853120]
Add 1379272, last=99512 list [250416, 292600, 420896, 634056, 983632, 1266832, 1379272, 1463328, 1504704, 1670192, 1701568, 1853120]
Add 1224488, last=99512 list [250416, 292600, 420896, 634056, 983632, 1224488, 1266832, 1379272, 1463328, 1504704, 1670192, 1701568, 1853120]
Add 425488, last=99512 list [250416, 292600, 420896, 425488, 634056, 983632, 1224488, 1266832, 1379272, 1463328, 1504704, 1670192, 1701568, 1853120]
Add 1361560, last=99512 list [250416, 292600, 420896, 425488, 634056, 983632, 1224488, 1266832, 1361560, 1379272, 1463328, 1504704, 1670192, 1701568, 1853120]
Add 1798184, last=99512 list [250416, 292600, 420896, 425488, 634056, 983632, 1224488, 1266832, 1361560, 1379272, 1463328, 1504704, 1670192, 1701568, 1798184, 1853120]
Add 1623544, last=99512 list [250416, 292600, 420896, 425488, 634056, 983632, 1224488, 1266832, 1361560, 1379272, 1463328, 1504704, 1623544, 1670192, 1701568, 1798184, 1853120]
Add 735040, last=99512 list [250416, 292600, 420896, 425488, 634056, 735040, 983632, 1224488, 1266832, 1361560, 1379272, 1463328, 1504704, 1623544, 1670192, 1701568, 1798184, 1853120]
Add 1563640, last=99512 list [250416, 292600, 420896, 425488, 634056, 735040, 983632, 1224488, 1266832, 1361560, 1379272, 1463328, 1504704, 1563640, 1623544, 1670192, 1701568, 1798184, 1853120]
Add 30952, last=99512 list [30952, 250416, 292600, 420896, 425488, 634056, 735040, 983632, 1224488, 1266832, 1361560, 1379272, 1463328, 1504704, 1563640, 1623544, 1670192, 1701568, 1798184, 1853120]
Add 387648, last=99512 list [30952, 250416, 292600, 387648, 420896, 425488, 634056, 735040, 983632, 1224488, 1266832, 1361560, 1379272, 1463328, 1504704, 1563640, 1623544, 1670192, 1701568, 1798184, 1853120]
Add 1522816, last=99512 list [30952, 250416, 292600, 387648, 420896, 425488, 634056, 735040, 983632, 1224488, 1266832, 1361560, 1379272, 1463328, 1504704, 1522816, 1563640, 1623544, 1670192, 1701568, 1798184, 1853120]
Add 444568, last=99512 list [30952, 250416, 292600, 387648, 420896, 425488, 444568, 634056, 735040, 983632, 1224488, 1266832, 1361560, 1379272, 1463328, 1504704, 1522816, 1563640, 1623544, 1670192, 1701568, 1798184, 1853120]
Add 9552, last=99512 list [30952, 9552, 250416, 292600, 387648, 420896, 425488, 444568, 634056, 735040, 983632, 1224488, 1266832, 1361560, 1379272, 1463328, 1504704, 1522816, 1563640, 1623544, 1670192, 1701568, 1798184, 1853120]
Add 1870280, last=983632 list [1224488, 1266832, 1361560, 1379272, 1463328, 1504704, 1522816, 1563640, 1623544, 1670192, 1701568, 1798184, 1853120, 1870280]
Add 1450672, last=983632 list [1224488, 1266832, 1361560, 1379272, 1450672, 1463328, 1504704, 1522816, 1563640, 1623544, 1670192, 1701568, 1798184, 1853120, 1870280]
Add 1112152, last=983632 list [1112152, 1224488, 1266832, 1361560, 1379272, 1450672, 1463328, 1504704, 1522816, 1563640, 1623544, 1670192, 1701568, 1798184, 1853120, 1870280]
Add 1873368, last=983632 list [1112152, 1224488, 1266832, 1361560, 1379272, 1450672, 1463328, 1504704, 1522816, 1563640, 1623544, 1670192, 1701568, 1798184, 1853120, 1870280, 1873368]
Add 1093320, last=983632 list [1093320, 1112152, 1224488, 1266832, 1361560, 1379272, 1450672, 1463328, 1504704, 1522816, 1563640, 1623544, 1670192, 1701568, 1798184, 1853120, 1870280, 1873368]
Add 1497232, last=983632 list [1093320, 1112152, 1224488, 1266832, 1361560, 1379272, 1450672, 1463328, 1497232, 1504704, 1522816, 1563640, 1623544, 1670192, 1701568, 1798184, 1853120, 1870280, 1873368]
Add 1381064, last=983632 list [1093320, 1112152, 1224488, 1266832, 1361560, 1379272, 1381064, 1450672, 1463328, 1497232, 1504704, 1522816, 1563640, 1623544, 1670192, 1701568, 1798184, 1853120, 1870280, 1873368]
Add 1076488, last=983632 list [1076488, 1093320, 1112152, 1224488, 1266832, 1361560, 1379272, 1381064, 1450672, 1463328, 1497232, 1504704, 1522816, 1563640, 1623544, 1670192, 1701568, 1798184, 1853120, 1870280, 1873368]
Add 1861200, last=983632 list [1076488, 1093320, 1112152, 1224488, 1266832, 1361560, 1379272, 1381064, 1450672, 1463328, 1497232, 1504704, 1522816, 1563640, 1623544, 1670192, 1701568, 1798184, 1853120, 1861200, 1870280, 1873368]
Add 1042032, last=983632 list [1042032, 1076488, 1093320, 1112152, 1224488, 1266832, 1361560, 1379272, 1381064, 1450672, 1463328, 1497232, 1504704, 1522816, 1563640, 1623544, 1670192, 1701568, 1798184, 1853120, 1861200, 1870280, 1873368]
Add 47472, last=983632 list [1042032, 1076488, 1093320, 1112152, 1224488, 1266832, 1361560, 1379272, 1381064, 1450672, 1463328, 1497232, 1504704, 1522816, 1563640, 1623544, 1670192, 1701568, 1798184, 1853120, 1861200, 1870280, 1873368, 47472]
Add 1759656, last=983632 list [1042032, 1076488, 1093320, 1112152, 1224488, 1266832, 1361560, 1379272, 1381064, 1450672, 1463328, 1497232, 1504704, 1522816, 1563640, 1623544, 1670192, 1701568, 1759656, 1798184, 1853120, 1861200, 1870280, 1873368, 47472]
Add 74208, last=983632 list [1042032, 1076488, 1093320, 1112152, 1224488, 1266832, 1361560, 1379272, 1381064, 1450672, 1463328, 1497232, 1504704, 1522816, 1563640, 1623544, 1670192, 1701568, 1759656, 1798184, 1853120, 1861200, 1870280, 1873368, 74208, 47472]
Add 38632, last=983632 list [1042032, 1076488, 1093320, 1112152, 1224488, 1266832, 1361560, 1379272, 1381064, 1450672, 1463328, 1497232, 1504704, 1522816, 1563640, 1623544, 1670192, 1701568, 1759656, 1798184, 1853120, 1861200, 1870280, 1873368, 74208, 47472, 38632]
Add 172768, last=983632 list [1042032, 1076488, 1093320, 1112152, 1224488, 1266832, 1361560, 1379272, 1381064, 1450672, 1463328, 1497232, 1504704, 1522816, 1563640, 1623544, 1670192, 1701568, 1759656, 1798184, 1853120, 1861200, 1870280, 1873368, 172768, 74208, 47472, 38632]
Add 387232, last=983632 list [1042032, 1076488, 1093320, 1112152, 1224488, 1266832, 1361560, 1379272, 1381064, 1450672, 1463328, 1497232, 1504704, 1522816, 1563640, 1623544, 1670192, 1701568, 1759656, 1798184, 1853120, 1861200, 1870280, 1873368, 387232, 172768, 74208, 47472, 38632]
Add 1039792, last=983632 list [1039792, 1042032, 1076488, 1093320, 1112152, 1224488, 1266832, 1361560, 1379272, 1381064, 1450672, 1463328, 1497232, 1504704, 1522816, 1563640, 1623544, 1670192, 1701568, 1759656, 1798184, 1853120, 1861200, 1870280, 1873368, 387232, 172768, 74208, 47472, 38632]
Add 396504, last=983632 list [1039792, 1042032, 1076488, 1093320, 1112152, 1224488, 1266832, 1361560, 1379272, 1381064, 1450672, 1463328, 1497232, 1504704, 1522816, 1563640, 1623544, 1670192, 1701568, 1759656, 1798184, 1853120, 1861200, 1870280, 1873368, 396504, 387232, 172768, 74208, 47472, 38632]
Add 1810368, last=983632 list [1039792, 1042032, 1076488, 1093320, 1112152, 1224488, 1266832, 1361560, 1379272, 1381064, 1450672, 1463328, 1497232, 1504704, 1522816, 1563640, 1623544, 1670192, 1701568, 1759656, 1798184, 1810368, 1853120, 1861200, 1870280, 1873368, 396504, 387232, 172768, 74208, 47472, 38632]
Add 1367584, last=983632 list [1039792, 1042032, 1076488, 1093320, 1112152, 1224488, 1266832, 1361560, 1367584, 1379272, 1381064, 1450672, 1463328, 1497232, 1504704, 1522816, 1563640, 1623544, 1670192, 1701568, 1759656, 1798184, 1810368, 1853120, 1861200, 1870280, 1873368, 396504, 387232, 172768, 74208, 47472, 38632]
Add 1189832, last=983632 list [1039792, 1042032, 1076488, 1093320, 1112152, 1189832, 1224488, 1266832, 1361560, 1367584, 1379272, 1381064, 1450672, 1463328, 1497232, 1504704, 1522816, 1563640, 1623544, 1670192, 1701568, 1759656, 1798184, 1810368, 1853120, 1861200, 1870280, 1873368, 396504, 387232, 172768, 74208, 47472, 38632]
Add 1933864, last=983632 list [1039792, 1042032, 1076488, 1093320, 1112152, 1189832, 1224488, 1266832, 1361560, 1367584, 1379272, 1381064, 1450672, 1463328, 1497232, 1504704, 1522816, 1563640, 1623544, 1670192, 1701568, 1759656, 1798184, 1810368, 1853120, 1861200, 1870280, 1873368, 1933864, 396504, 387232, 172768, 74208, 47472, 38632]
Add 363344, last=983632 list [1039792, 1042032, 1076488, 1093320, 1112152, 1189832, 1224488, 1266832, 1361560, 1367584, 1379272, 1381064, 1450672, 1463328, 1497232, 1504704, 1522816, 1563640, 1623544, 1670192, 1701568, 1759656, 1798184, 1810368, 1853120, 1861200, 1870280, 1873368, 1933864, 396504, 387232, 363344, 172768, 74208, 47472, 38632]
Add 380992, last=983632 list [1039792, 1042032, 1076488, 1093320, 1112152, 1189832, 1224488, 1266832, 1361560, 1367584, 1379272, 1381064, 1450672, 1463328, 1497232, 1504704, 1522816, 1563640, 1623544, 1670192, 1701568, 1759656, 1798184, 1810368, 1853120, 1861200, 1870280, 1873368, 1933864, 396504, 387232, 380992, 363344, 172768, 74208, 47472, 38632]
Add 1970296, last=983632 list [1039792, 1042032, 1076488, 1093320, 1112152, 1189832, 1224488, 1266832, 1361560, 1367584, 1379272, 1381064, 1450672, 1463328, 1497232, 1504704, 1522816, 1563640, 1623544, 1670192, 1701568, 1759656, 1798184, 1810368, 1853120, 1861200, 1870280, 1873368, 1933864, 1970296, 396504, 387232, 380992, 363344, 172768, 74208, 47472, 38632]
Add 1947512, last=983632 list [1039792, 1042032, 1076488, 1093320, 1112152, 1189832, 1224488, 1266832, 1361560, 1367584, 1379272, 1381064, 1450672, 1463328, 1497232, 1504704, 1522816, 1563640, 1623544, 1670192, 1701568, 1759656, 1798184, 1810368, 1853120, 1861200, 1870280, 1873368, 1933864, 1947512, 1970296, 396504, 387232, 380992, 363344, 172768, 74208, 47472, 38632]
Add 352800, last=983632 list [1039792, 1042032, 1076488, 1093320, 1112152, 1189832, 1224488, 1266832, 1361560, 1367584, 1379272, 1381064, 1450672, 1463328, 1497232, 1504704, 1522816, 1563640, 1623544, 1670192, 1701568, 1759656, 1798184, 1810368, 1853120, 1861200, 1870280, 1873368, 1933864, 1947512, 1970296, 396504, 387232, 380992, 363344, 352800, 172768, 74208, 47472, 38632]
Add 587480, last=1637376 list [587480, 102208]
Add 1178760, last=1637376 list [1178760, 587480, 102208]
Add 1386824, last=1637376 list [1386824, 1178760, 587480, 102208]
Add 369840, last=1637376 list [1386824, 1178760, 587480, 369840, 102208]
Add 1876200, last=1637376 list [1876200, 1386824, 1178760, 587480, 369840, 102208]
Add 938016, last=1637376 list [1876200, 1386824, 1178760, 938016, 587480, 369840, 102208]
Add 306736, last=1637376 list [1876200, 1386824, 1178760, 938016, 587480, 369840, 306736, 102208]
Add 348536, last=1637376 list [1876200, 1386824, 1178760, 938016, 587480, 369840, 348536, 306736, 102208]
Add 604032, last=1637376 list [1876200, 1386824, 1178760, 938016, 604032, 587480, 369840, 348536, 306736, 102208]
Add 1832920, last=1637376 list [1832920, 1876200, 1386824, 1178760, 938016, 604032, 587480, 369840, 348536, 306736, 102208]
Add 1017320, last=1637376 list [1832920, 1876200, 1386824, 1178760, 1017320, 938016, 604032, 587480, 369840, 348536, 306736, 102208]
Add 2018712, last=1637376 list [1832920, 1876200, 2018712, 1386824, 1178760, 1017320, 938016, 604032, 587480, 369840, 348536, 306736, 102208]
Add 760288, last=1637376 list [1832920, 1876200, 2018712, 1386824, 1178760, 1017320, 938016, 760288, 604032, 587480, 369840, 348536, 306736, 102208]
Add 151576, last=1637376 list [1832920, 1876200, 2018712, 1386824, 1178760, 1017320, 938016, 760288, 604032, 587480, 369840, 348536, 306736, 151576, 102208]
Add 106400, last=1637376 list [1832920, 1876200, 2018712, 1386824, 1178760, 1017320, 938016, 760288, 604032, 587480, 369840, 348536, 306736, 151576, 106400, 102208]
Add 842496, last=1637376 list [1832920, 1876200, 2018712, 1386824, 1178760, 1017320, 938016, 842496, 760288, 604032, 587480, 369840, 348536, 306736, 151576, 106400, 102208]
Add 1488312, last=1637376 list [1488312, 1832920, 1876200, 2018712, 1386824, 1178760, 1017320, 938016, 842496, 760288, 604032, 587480, 369840, 348536, 306736, 151576, 106400, 102208]
Add 2026576, last=1637376 list [1488312, 1832920, 1876200, 2018712, 2026576, 1386824, 1178760, 1017320, 938016, 842496, 760288, 604032, 587480, 369840, 348536, 306736, 151576, 106400, 102208]
Add 181664, last=1637376 list [1488312, 1832920, 1876200, 2018712, 2026576, 1386824, 1178760, 1017320, 938016, 842496, 760288, 604032, 587480, 369840, 348536, 306736, 181664, 151576, 106400, 102208]
erro, disp 1832920 deveria ser disp 1386824
	last=1488312, 344608 > 101488  'H, last = 1637376'
Add 1655744, last=372240 list [1655744, 1922952]
Add 1078048, last=372240 list [1078048, 1655744, 1922952]
Add 1275640, last=372240 list [1078048, 1275640, 1655744, 1922952]
Add 1482656, last=372240 list [1078048, 1275640, 1482656, 1655744, 1922952]
Add 1812688, last=372240 list [1078048, 1275640, 1482656, 1655744, 1812688, 1922952]
Add 1177696, last=372240 list [1078048, 1177696, 1275640, 1482656, 1655744, 1812688, 1922952]
Add 544912, last=372240 list [544912, 1078048, 1177696, 1275640, 1482656, 1655744, 1812688, 1922952]
Add 157616, last=372240 list [544912, 157616, 1078048, 1177696, 1275640, 1482656, 1655744, 1812688, 1922952]
Add 2023424, last=372240 list [544912, 157616, 1078048, 1177696, 1275640, 1482656, 1655744, 1812688, 1922952, 2023424]
Add 756752, last=372240 list [544912, 756752, 157616, 1078048, 1177696, 1275640, 1482656, 1655744, 1812688, 1922952, 2023424]
Add 69280, last=372240 list [544912, 756752, 157616, 69280, 1078048, 1177696, 1275640, 1482656, 1655744, 1812688, 1922952, 2023424]
Add 441048, last=372240 list [441048, 544912, 756752, 157616, 69280, 1078048, 1177696, 1275640, 1482656, 1655744, 1812688, 1922952, 2023424]
Add 1764800, last=372240 list [441048, 544912, 756752, 157616, 69280, 1078048, 1177696, 1275640, 1482656, 1655744, 1764800, 1812688, 1922952, 2023424]
Add 2038144, last=372240 list [441048, 544912, 756752, 157616, 69280, 1078048, 1177696, 1275640, 1482656, 1655744, 1764800, 1812688, 1922952, 2023424, 2038144]
Add 117896, last=372240 list [441048, 544912, 756752, 157616, 117896, 69280, 1078048, 1177696, 1275640, 1482656, 1655744, 1764800, 1812688, 1922952, 2023424, 2038144]
Add 808152, last=372240 list [441048, 544912, 756752, 808152, 157616, 117896, 69280, 1078048, 1177696, 1275640, 1482656, 1655744, 1764800, 1812688, 1922952, 2023424, 2038144]
Add 1049120, last=372240 list [441048, 544912, 756752, 808152, 1049120, 157616, 117896, 69280, 1078048, 1177696, 1275640, 1482656, 1655744, 1764800, 1812688, 1922952, 2023424, 2038144]
Add 1074184, last=372240 list [441048, 544912, 756752, 808152, 1049120, 1074184, 157616, 117896, 69280, 1078048, 1177696, 1275640, 1482656, 1655744, 1764800, 1812688, 1922952, 2023424, 2038144]
Add 1559544, last=372240 list [441048, 544912, 756752, 808152, 1049120, 1074184, 1559544, 157616, 117896, 69280, 1078048, 1177696, 1275640, 1482656, 1655744, 1764800, 1812688, 1922952, 2023424, 2038144]
Add 660968, last=372240 list [441048, 544912, 660968, 756752, 808152, 1049120, 1074184, 1559544, 157616, 117896, 69280, 1078048, 1177696, 1275640, 1482656, 1655744, 1764800, 1812688, 1922952, 2023424, 2038144]
Add 890520, last=372240 list [441048, 544912, 660968, 756752, 808152, 890520, 1049120, 1074184, 1559544, 157616, 117896, 69280, 1078048, 1177696, 1275640, 1482656, 1655744, 1764800, 1812688, 1922952, 2023424, 2038144]
Add 484856, last=372240 list [441048, 484856, 544912, 660968, 756752, 808152, 890520, 1049120, 1074184, 1559544, 157616, 117896, 69280, 1078048, 1177696, 1275640, 1482656, 1655744, 1764800, 1812688, 1922952, 2023424, 2038144]
Add 667112, last=372240 list [441048, 484856, 544912, 660968, 667112, 756752, 808152, 890520, 1049120, 1074184, 1559544, 157616, 117896, 69280, 1078048, 1177696, 1275640, 1482656, 1655744, 1764800, 1812688, 1922952, 2023424, 2038144]
Add 1237224, last=372240 list [441048, 484856, 544912, 660968, 667112, 756752, 808152, 890520, 1049120, 1074184, 1237224, 1559544, 157616, 117896, 69280, 1078048, 1177696, 1275640, 1482656, 1655744, 1764800, 1812688, 1922952, 2023424, 2038144]
Add 494704, last=372240 list [441048, 484856, 494704, 544912, 660968, 667112, 756752, 808152, 890520, 1049120, 1074184, 1237224, 1559544, 157616, 117896, 69280, 1078048, 1177696, 1275640, 1482656, 1655744, 1764800, 1812688, 1922952, 2023424, 2038144]
Add 420808, last=372240 list [420808, 441048, 484856, 494704, 544912, 660968, 667112, 756752, 808152, 890520, 1049120, 1074184, 1237224, 1559544, 157616, 117896, 69280, 1078048, 1177696, 1275640, 1482656, 1655744, 1764800, 1812688, 1922952, 2023424, 2038144]
Add 1296672, last=372240 list [420808, 441048, 484856, 494704, 544912, 660968, 667112, 756752, 808152, 890520, 1049120, 1074184, 1237224, 1296672, 1559544, 157616, 117896, 69280, 1078048, 1177696, 1275640, 1482656, 1655744, 1764800, 1812688, 1922952, 2023424, 2038144]
Add 495032, last=372240 list [420808, 441048, 484856, 494704, 495032, 544912, 660968, 667112, 756752, 808152, 890520, 1049120, 1074184, 1237224, 1296672, 1559544, 157616, 117896, 69280, 1078048, 1177696, 1275640, 1482656, 1655744, 1764800, 1812688, 1922952, 2023424, 2038144]
Add 1944224, last=372240 list [420808, 441048, 484856, 494704, 495032, 544912, 660968, 667112, 756752, 808152, 890520, 1049120, 1074184, 1237224, 1296672, 1559544, 1944224, 157616, 117896, 69280, 1078048, 1177696, 1275640, 1482656, 1655744, 1764800, 1812688, 1922952, 2023424, 2038144]
Add 274112, last=372240 list [420808, 441048, 484856, 494704, 495032, 544912, 660968, 667112, 756752, 808152, 890520, 1049120, 1074184, 1237224, 1296672, 1559544, 1944224, 274112, 157616, 117896, 69280, 1078048, 1177696, 1275640, 1482656, 1655744, 1764800, 1812688, 1922952, 2023424, 2038144]
Add 1387624, last=372240 list [420808, 441048, 484856, 494704, 495032, 544912, 660968, 667112, 756752, 808152, 890520, 1049120, 1074184, 1237224, 1296672, 1387624, 1559544, 1944224, 274112, 157616, 117896, 69280, 1078048, 1177696, 1275640, 1482656, 1655744, 1764800, 1812688, 1922952, 2023424, 2038144]
Add 1313432, last=372240 list [420808, 441048, 484856, 494704, 495032, 544912, 660968, 667112, 756752, 808152, 890520, 1049120, 1074184, 1237224, 1296672, 1313432, 1387624, 1559544, 1944224, 274112, 157616, 117896, 69280, 1078048, 1177696, 1275640, 1482656, 1655744, 1764800, 1812688, 1922952, 2023424, 2038144]
Add 788840, last=372240 list [420808, 441048, 484856, 494704, 495032, 544912, 660968, 667112, 756752, 788840, 808152, 890520, 1049120, 1074184, 1237224, 1296672, 1313432, 1387624, 1559544, 1944224, 274112, 157616, 117896, 69280, 1078048, 1177696, 1275640, 1482656, 1655744, 1764800, 1812688, 1922952, 2023424, 2038144]
Add 228648, last=372240 list [420808, 441048, 484856, 494704, 495032, 544912, 660968, 667112, 756752, 788840, 808152, 890520, 1049120, 1074184, 1237224, 1296672, 1313432, 1387624, 1559544, 1944224, 274112, 228648, 157616, 117896, 69280, 1078048, 1177696, 1275640, 1482656, 1655744, 1764800, 1812688, 1922952, 2023424, 2038144]
Add 957536, last=372240 list [420808, 441048, 484856, 494704, 495032, 544912, 660968, 667112, 756752, 788840, 808152, 890520, 957536, 1049120, 1074184, 1237224, 1296672, 1313432, 1387624, 1559544, 1944224, 274112, 228648, 157616, 117896, 69280, 1078048, 1177696, 1275640, 1482656, 1655744, 1764800, 1812688, 1922952, 2023424, 2038144]
Add 1026400, last=372240 list [420808, 441048, 484856, 494704, 495032, 544912, 660968, 667112, 756752, 788840, 808152, 890520, 957536, 1026400, 1049120, 1074184, 1237224, 1296672, 1313432, 1387624, 1559544, 1944224, 274112, 228648, 157616, 117896, 69280, 1078048, 1177696, 1275640, 1482656, 1655744, 1764800, 1812688, 1922952, 2023424, 2038144]
Add 1824504, last=372240 list [420808, 441048, 484856, 494704, 495032, 544912, 660968, 667112, 756752, 788840, 808152, 890520, 957536, 1026400, 1049120, 1074184, 1237224, 1296672, 1313432, 1387624, 1559544, 1824504, 1944224, 274112, 228648, 157616, 117896, 69280, 1078048, 1177696, 1275640, 1482656, 1655744, 1764800, 1812688, 1922952, 2023424, 2038144]
Add 1495984, last=372240 list [420808, 441048, 484856, 494704, 495032, 544912, 660968, 667112, 756752, 788840, 808152, 890520, 957536, 1026400, 1049120, 1074184, 1237224, 1296672, 1313432, 1387624, 1495984, 1559544, 1824504, 1944224, 274112, 228648, 157616, 117896, 69280, 1078048, 1177696, 1275640, 1482656, 1655744, 1764800, 1812688, 1922952, 2023424, 2038144]
Add 1911280, last=372240 list [420808, 441048, 484856, 494704, 495032, 544912, 660968, 667112, 756752, 788840, 808152, 890520, 957536, 1026400, 1049120, 1074184, 1237224, 1296672, 1313432, 1387624, 1495984, 1559544, 1824504, 1911280, 1944224, 274112, 228648, 157616, 117896, 69280, 1078048, 1177696, 1275640, 1482656, 1655744, 1764800, 1812688, 1922952, 2023424, 2038144]
Add 1903072, last=372240 list [420808, 441048, 484856, 494704, 495032, 544912, 660968, 667112, 756752, 788840, 808152, 890520, 957536, 1026400, 1049120, 1074184, 1237224, 1296672, 1313432, 1387624, 1495984, 1559544, 1824504, 1903072, 1911280, 1944224, 274112, 228648, 157616, 117896, 69280, 1078048, 1177696, 1275640, 1482656, 1655744, 1764800, 1812688, 1922952, 2023424, 2038144]
Add 1438288, last=372240 list [420808, 441048, 484856, 494704, 495032, 544912, 660968, 667112, 756752, 788840, 808152, 890520, 957536, 1026400, 1049120, 1074184, 1237224, 1296672, 1313432, 1387624, 1438288, 1495984, 1559544, 1824504, 1903072, 1911280, 1944224, 274112, 228648, 157616, 117896, 69280, 1078048, 1177696, 1275640, 1482656, 1655744, 1764800, 1812688, 1922952, 2023424, 2038144]
Add 1150632, last=372240 list [420808, 441048, 484856, 494704, 495032, 544912, 660968, 667112, 756752, 788840, 808152, 890520, 957536, 1026400, 1049120, 1074184, 1150632, 1237224, 1296672, 1313432, 1387624, 1438288, 1495984, 1559544, 1824504, 1903072, 1911280, 1944224, 274112, 228648, 157616, 117896, 69280, 1078048, 1177696, 1275640, 1482656, 1655744, 1764800, 1812688, 1922952, 2023424, 2038144]
Add 1139184, last=372240 list [420808, 441048, 484856, 494704, 495032, 544912, 660968, 667112, 756752, 788840, 808152, 890520, 957536, 1026400, 1049120, 1074184, 1139184, 1150632, 1237224, 1296672, 1313432, 1387624, 1438288, 1495984, 1559544, 1824504, 1903072, 1911280, 1944224, 274112, 228648, 157616, 117896, 69280, 1078048, 1177696, 1275640, 1482656, 1655744, 1764800, 1812688, 1922952, 2023424, 2038144]
Add 412320, last=372240 list [412320, 420808, 441048, 484856, 494704, 495032, 544912, 660968, 667112, 756752, 788840, 808152, 890520, 957536, 1026400, 1049120, 1074184, 1139184, 1150632, 1237224, 1296672, 1313432, 1387624, 1438288, 1495984, 1559544, 1824504, 1903072, 1911280, 1944224, 274112, 228648, 157616, 117896, 69280, 1078048, 1177696, 1275640, 1482656, 1655744, 1764800, 1812688, 1922952, 2023424, 2038144]
Add 1308456, last=372240 list [412320, 420808, 441048, 484856, 494704, 495032, 544912, 660968, 667112, 756752, 788840, 808152, 890520, 957536, 1026400, 1049120, 1074184, 1139184, 1150632, 1237224, 1296672, 1308456, 1313432, 1387624, 1438288, 1495984, 1559544, 1824504, 1903072, 1911280, 1944224, 274112, 228648, 157616, 117896, 69280, 1078048, 1177696, 1275640, 1482656, 1655744, 1764800, 1812688, 1922952, 2023424, 2038144]
erro, disp 1139184 deveria ser disp 1078048
	last=1074184, 65000 > 3864  'M'
erro, disp 1237224 deveria ser disp 1177696
	last=1150632, 86592 > 27064  'M'
erro, disp 1296672 deveria ser disp 1275640
	last=1237224, 59448 > 38416  'M'
erro, disp 1387624 deveria ser disp 1275640
	last=1313432, 74192 > 37792  'M'
erro, disp 1495984 deveria ser disp 1482656
	last=1438288, 57696 > 44368  'M'
erro, disp 1559544 deveria ser disp 1482656
	last=1495984, 63560 > 13328  'M'
erro, disp 1824504 deveria ser disp 1482656
	last=1559544, 264960 > 76888  'M'
erro, disp 1903072 deveria ser disp 1812688
	last=1824504, 78568 > 11816  'M'
erro, disp 1944224 deveria ser disp 1922952
	last=1911280, 32944 > 11672  'M'
erro, disp 274112 deveria ser disp 1922952
	last=1944224, 1670112 > 21272  'M'
Add 1776704, last=2014288 list [1776704, 388704]
Add 1158192, last=2014288 list [1776704, 1158192, 388704]
Add 978000, last=2014288 list [1776704, 1158192, 978000, 388704]
Add 1382896, last=2014288 list [1776704, 1382896, 1158192, 978000, 388704]
Add 966352, last=2014288 list [1776704, 1382896, 1158192, 978000, 966352, 388704]
Add 1895576, last=2014288 list [1895576, 1776704, 1382896, 1158192, 978000, 966352, 388704]
Add 534320, last=2014288 list [1895576, 1776704, 1382896, 1158192, 978000, 966352, 534320, 388704]
Add 1092120, last=2014288 list [1895576, 1776704, 1382896, 1158192, 1092120, 978000, 966352, 534320, 388704]
Add 1922312, last=2014288 list [1922312, 1895576, 1776704, 1382896, 1158192, 1092120, 978000, 966352, 534320, 388704]
Add 1232704, last=2014288 list [1922312, 1895576, 1776704, 1382896, 1232704, 1158192, 1092120, 978000, 966352, 534320, 388704]
Add 2022120, last=2014288 list [2022120, 1922312, 1895576, 1776704, 1382896, 1232704, 1158192, 1092120, 978000, 966352, 534320, 388704]
Add 1267304, last=2014288 list [2022120, 1922312, 1895576, 1776704, 1382896, 1267304, 1232704, 1158192, 1092120, 978000, 966352, 534320, 388704]
Add 1992784, last=2014288 list [2022120, 1992784, 1922312, 1895576, 1776704, 1382896, 1267304, 1232704, 1158192, 1092120, 978000, 966352, 534320, 388704]
Add 805680, last=2014288 list [2022120, 1992784, 1922312, 1895576, 1776704, 1382896, 1267304, 1232704, 1158192, 1092120, 978000, 966352, 805680, 534320, 388704]
Add 974952, last=2014288 list [2022120, 1992784, 1922312, 1895576, 1776704, 1382896, 1267304, 1232704, 1158192, 1092120, 978000, 974952, 966352, 805680, 534320, 388704]
Add 708672, last=2014288 list [2022120, 1992784, 1922312, 1895576, 1776704, 1382896, 1267304, 1232704, 1158192, 1092120, 978000, 974952, 966352, 805680, 708672, 534320, 388704]
Add 146464, last=2014288 list [2022120, 1992784, 1922312, 1895576, 1776704, 1382896, 1267304, 1232704, 1158192, 1092120, 978000, 974952, 966352, 805680, 708672, 534320, 388704, 146464]
Add 211488, last=2014288 list [2022120, 1992784, 1922312, 1895576, 1776704, 1382896, 1267304, 1232704, 1158192, 1092120, 978000, 974952, 966352, 805680, 708672, 534320, 388704, 211488, 146464]
Add 912048, last=2014288 list [2022120, 1992784, 1922312, 1895576, 1776704, 1382896, 1267304, 1232704, 1158192, 1092120, 978000, 974952, 966352, 912048, 805680, 708672, 534320, 388704, 211488, 146464]
Add 1057920, last=2014288 list [2022120, 1992784, 1922312, 1895576, 1776704, 1382896, 1267304, 1232704, 1158192, 1092120, 1057920, 978000, 974952, 966352, 912048, 805680, 708672, 534320, 388704, 211488, 146464]
Add 247192, last=2014288 list [2022120, 1992784, 1922312, 1895576, 1776704, 1382896, 1267304, 1232704, 1158192, 1092120, 1057920, 978000, 974952, 966352, 912048, 805680, 708672, 534320, 388704, 247192, 211488, 146464]
Add 1523464, last=2014288 list [2022120, 1992784, 1922312, 1895576, 1776704, 1523464, 1382896, 1267304, 1232704, 1158192, 1092120, 1057920, 978000, 974952, 966352, 912048, 805680, 708672, 534320, 388704, 247192, 211488, 146464]
Add 1591128, last=2014288 list [2022120, 1992784, 1922312, 1895576, 1776704, 1591128, 1523464, 1382896, 1267304, 1232704, 1158192, 1092120, 1057920, 978000, 974952, 966352, 912048, 805680, 708672, 534320, 388704, 247192, 211488, 146464]
Add 1594152, last=2014288 list [2022120, 1992784, 1922312, 1895576, 1776704, 1594152, 1591128, 1523464, 1382896, 1267304, 1232704, 1158192, 1092120, 1057920, 978000, 974952, 966352, 912048, 805680, 708672, 534320, 388704, 247192, 211488, 146464]
Add 131104, last=2014288 list [2022120, 1992784, 1922312, 1895576, 1776704, 1594152, 1591128, 1523464, 1382896, 1267304, 1232704, 1158192, 1092120, 1057920, 978000, 974952, 966352, 912048, 805680, 708672, 534320, 388704, 247192, 211488, 146464, 131104]
Add 25144, last=1591128 list [1523464, 1382896, 1267304, 1232704, 1158192, 1092120, 1057920, 978000, 974952, 966352, 912048, 805680, 708672, 534320, 388704, 247192, 211488, 146464, 131104, 25144]
Add 294400, last=1591128 list [1523464, 1382896, 1267304, 1232704, 1158192, 1092120, 1057920, 978000, 974952, 966352, 912048, 805680, 708672, 534320, 388704, 294400, 247192, 211488, 146464, 131104, 25144]
Add 241784, last=1591128 list [1523464, 1382896, 1267304, 1232704, 1158192, 1092120, 1057920, 978000, 974952, 966352, 912048, 805680, 708672, 534320, 388704, 294400, 247192, 241784, 211488, 146464, 131104, 25144]
Add 877408, last=1591128 list [1523464, 1382896, 1267304, 1232704, 1158192, 1092120, 1057920, 978000, 974952, 966352, 912048, 877408, 805680, 708672, 534320, 388704, 294400, 247192, 241784, 211488, 146464, 131104, 25144]
Add 49592, last=1591128 list [1523464, 1382896, 1267304, 1232704, 1158192, 1092120, 1057920, 978000, 974952, 966352, 912048, 877408, 805680, 708672, 534320, 388704, 294400, 247192, 241784, 211488, 146464, 131104, 49592, 25144]
Add 2078824, last=1591128 list [1523464, 1382896, 1267304, 1232704, 1158192, 1092120, 1057920, 978000, 974952, 966352, 912048, 877408, 805680, 708672, 534320, 388704, 294400, 247192, 241784, 211488, 146464, 131104, 49592, 25144, 2078824]
Add 561048, last=1591128 list [1523464, 1382896, 1267304, 1232704, 1158192, 1092120, 1057920, 978000, 974952, 966352, 912048, 877408, 805680, 708672, 561048, 534320, 388704, 294400, 247192, 241784, 211488, 146464, 131104, 49592, 25144, 2078824]
Add 239864, last=1591128 list [1523464, 1382896, 1267304, 1232704, 1158192, 1092120, 1057920, 978000, 974952, 966352, 912048, 877408, 805680, 708672, 561048, 534320, 388704, 294400, 247192, 241784, 239864, 211488, 146464, 131104, 49592, 25144, 2078824]
Add 1561792, last=1591128 list [1561792, 1523464, 1382896, 1267304, 1232704, 1158192, 1092120, 1057920, 978000, 974952, 966352, 912048, 877408, 805680, 708672, 561048, 534320, 388704, 294400, 247192, 241784, 239864, 211488, 146464, 131104, 49592, 25144, 2078824]
Add 521248, last=1591128 list [1561792, 1523464, 1382896, 1267304, 1232704, 1158192, 1092120, 1057920, 978000, 974952, 966352, 912048, 877408, 805680, 708672, 561048, 534320, 521248, 388704, 294400, 247192, 241784, 239864, 211488, 146464, 131104, 49592, 25144, 2078824]
Add 1967952, last=1591128 list [1561792, 1523464, 1382896, 1267304, 1232704, 1158192, 1092120, 1057920, 978000, 974952, 966352, 912048, 877408, 805680, 708672, 561048, 534320, 521248, 388704, 294400, 247192, 241784, 239864, 211488, 146464, 131104, 49592, 25144, 1967952, 2078824]
Add 876296, last=1591128 list [1561792, 1523464, 1382896, 1267304, 1232704, 1158192, 1092120, 1057920, 978000, 974952, 966352, 912048, 877408, 876296, 805680, 708672, 561048, 534320, 521248, 388704, 294400, 247192, 241784, 239864, 211488, 146464, 131104, 49592, 25144, 1967952, 2078824]
Add 1449656, last=1591128 list [1561792, 1523464, 1449656, 1382896, 1267304, 1232704, 1158192, 1092120, 1057920, 978000, 974952, 966352, 912048, 877408, 876296, 805680, 708672, 561048, 534320, 521248, 388704, 294400, 247192, 241784, 239864, 211488, 146464, 131104, 49592, 25144, 1967952, 2078824]
Add 830368, last=1591128 list [1561792, 1523464, 1449656, 1382896, 1267304, 1232704, 1158192, 1092120, 1057920, 978000, 974952, 966352, 912048, 877408, 876296, 830368, 805680, 708672, 561048, 534320, 521248, 388704, 294400, 247192, 241784, 239864, 211488, 146464, 131104, 49592, 25144, 1967952, 2078824]
Add 950456, last=1591128 list [1561792, 1523464, 1449656, 1382896, 1267304, 1232704, 1158192, 1092120, 1057920, 978000, 974952, 966352, 950456, 912048, 877408, 876296, 830368, 805680, 708672, 561048, 534320, 521248, 388704, 294400, 247192, 241784, 239864, 211488, 146464, 131104, 49592, 25144, 1967952, 2078824]
Add 1376560, last=1591128 list [1561792, 1523464, 1449656, 1382896, 1376560, 1267304, 1232704, 1158192, 1092120, 1057920, 978000, 974952, 966352, 950456, 912048, 877408, 876296, 830368, 805680, 708672, 561048, 534320, 521248, 388704, 294400, 247192, 241784, 239864, 211488, 146464, 131104, 49592, 25144, 1967952, 2078824]
Add 511944, last=1591128 list [1561792, 1523464, 1449656, 1382896, 1376560, 1267304, 1232704, 1158192, 1092120, 1057920, 978000, 974952, 966352, 950456, 912048, 877408, 876296, 830368, 805680, 708672, 561048, 534320, 521248, 511944, 388704, 294400, 247192, 241784, 239864, 211488, 146464, 131104, 49592, 25144, 1967952, 2078824]
Add 370928, last=1591128 list [1561792, 1523464, 1449656, 1382896, 1376560, 1267304, 1232704, 1158192, 1092120, 1057920, 978000, 974952, 966352, 950456, 912048, 877408, 876296, 830368, 805680, 708672, 561048, 534320, 521248, 511944, 388704, 370928, 294400, 247192, 241784, 239864, 211488, 146464, 131104, 49592, 25144, 1967952, 2078824]
Add 1102992, last=1591128 list [1561792, 1523464, 1449656, 1382896, 1376560, 1267304, 1232704, 1158192, 1102992, 1092120, 1057920, 978000, 974952, 966352, 950456, 912048, 877408, 876296, 830368, 805680, 708672, 561048, 534320, 521248, 511944, 388704, 370928, 294400, 247192, 241784, 239864, 211488, 146464, 131104, 49592, 25144, 1967952, 2078824]
Add 1544232, last=1591128 list [1561792, 1544232, 1523464, 1449656, 1382896, 1376560, 1267304, 1232704, 1158192, 1102992, 1092120, 1057920, 978000, 974952, 966352, 950456, 912048, 877408, 876296, 830368, 805680, 708672, 561048, 534320, 521248, 511944, 388704, 370928, 294400, 247192, 241784, 239864, 211488, 146464, 131104, 49592, 25144, 1967952, 2078824]
Add 1112576, last=1591128 list [1561792, 1544232, 1523464, 1449656, 1382896, 1376560, 1267304, 1232704, 1158192, 1112576, 1102992, 1092120, 1057920, 978000, 974952, 966352, 950456, 912048, 877408, 876296, 830368, 805680, 708672, 561048, 534320, 521248, 511944, 388704, 370928, 294400, 247192, 241784, 239864, 211488, 146464, 131104, 49592, 25144, 1967952, 2078824]
Add 443776, last=1591128 list [1561792, 1544232, 1523464, 1449656, 1382896, 1376560, 1267304, 1232704, 1158192, 1112576, 1102992, 1092120, 1057920, 978000, 974952, 966352, 950456, 912048, 877408, 876296, 830368, 805680, 708672, 561048, 534320, 521248, 511944, 443776, 388704, 370928, 294400, 247192, 241784, 239864, 211488, 146464, 131104, 49592, 25144, 1967952, 2078824]
Add 1257952, last=1591128 list [1561792, 1544232, 1523464, 1449656, 1382896, 1376560, 1267304, 1257952, 1232704, 1158192, 1112576, 1102992, 1092120, 1057920, 978000, 974952, 966352, 950456, 912048, 877408, 876296, 830368, 805680, 708672, 561048, 534320, 521248, 511944, 443776, 388704, 370928, 294400, 247192, 241784, 239864, 211488, 146464, 131104, 49592, 25144, 1967952, 2078824]
Add 1621360, last=1591128 list [1561792, 1544232, 1523464, 1449656, 1382896, 1376560, 1267304, 1257952, 1232704, 1158192, 1112576, 1102992, 1092120, 1057920, 978000, 974952, 966352, 950456, 912048, 877408, 876296, 830368, 805680, 708672, 561048, 534320, 521248, 511944, 443776, 388704, 370928, 294400, 247192, 241784, 239864, 211488, 146464, 131104, 49592, 25144, 1621360, 1967952, 2078824]
Add 17752, last=1254272 list [1921856, 17752]
Add 1422384, last=1254272 list [1422384, 1921856, 17752]
Add 160128, last=1254272 list [1422384, 1921856, 160128, 17752]
Add 387720, last=1254272 list [1422384, 1921856, 387720, 160128, 17752]
Add 1228264, last=1254272 list [1228264, 1422384, 1921856, 387720, 160128, 17752]
Add 186808, last=1254272 list [1228264, 1422384, 1921856, 387720, 186808, 160128, 17752]
Add 1631672, last=1254272 list [1228264, 1422384, 1631672, 1921856, 387720, 186808, 160128, 17752]
Add 1165968, last=1254272 list [1228264, 1165968, 1422384, 1631672, 1921856, 387720, 186808, 160128, 17752]
Add 12296, last=1254272 list [1228264, 1165968, 1422384, 1631672, 1921856, 387720, 186808, 160128, 17752, 12296]
Add 1540296, last=1254272 list [1228264, 1165968, 1422384, 1540296, 1631672, 1921856, 387720, 186808, 160128, 17752, 12296]
Add 1353808, last=1254272 list [1228264, 1165968, 1353808, 1422384, 1540296, 1631672, 1921856, 387720, 186808, 160128, 17752, 12296]
Add 1888240, last=1254272 list [1228264, 1165968, 1353808, 1422384, 1540296, 1631672, 1888240, 1921856, 387720, 186808, 160128, 17752, 12296]
Add 96472, last=1254272 list [1228264, 1165968, 1353808, 1422384, 1540296, 1631672, 1888240, 1921856, 387720, 186808, 160128, 96472, 17752, 12296]
Add 2068928, last=1254272 list [1228264, 1165968, 1353808, 1422384, 1540296, 1631672, 1888240, 1921856, 2068928, 387720, 186808, 160128, 96472, 17752, 12296]
Add 2040752, last=1254272 list [1228264, 1165968, 1353808, 1422384, 1540296, 1631672, 1888240, 1921856, 2040752, 2068928, 387720, 186808, 160128, 96472, 17752, 12296]
Add 190224, last=1254272 list [1228264, 1165968, 1353808, 1422384, 1540296, 1631672, 1888240, 1921856, 2040752, 2068928, 387720, 190224, 186808, 160128, 96472, 17752, 12296]
Add 341464, last=1254272 list [1228264, 1165968, 1353808, 1422384, 1540296, 1631672, 1888240, 1921856, 2040752, 2068928, 387720, 341464, 190224, 186808, 160128, 96472, 17752, 12296]
Add 36832, last=1254272 list [1228264, 1165968, 1353808, 1422384, 1540296, 1631672, 1888240, 1921856, 2040752, 2068928, 387720, 341464, 190224, 186808, 160128, 96472, 36832, 17752, 12296]
Add 1306048, last=1254272 list [1228264, 1165968, 1306048, 1353808, 1422384, 1540296, 1631672, 1888240, 1921856, 2040752, 2068928, 387720, 341464, 190224, 186808, 160128, 96472, 36832, 17752, 12296]
Add 526200, last=1254272 list [1228264, 1165968, 1306048, 1353808, 1422384, 1540296, 1631672, 1888240, 1921856, 2040752, 2068928, 526200, 387720, 341464, 190224, 186808, 160128, 96472, 36832, 17752, 12296]
Add 2054376, last=1254272 list [1228264, 1165968, 1306048, 1353808, 1422384, 1540296, 1631672, 1888240, 1921856, 2040752, 2054376, 2068928, 526200, 387720, 341464, 190224, 186808, 160128, 96472, 36832, 17752, 12296]
Add 1045712, last=1921856 list [2040752, 2054376, 2068928, 1045712, 526200, 387720, 341464, 190224, 186808, 160128, 96472, 36832, 17752, 12296]
Add 941984, last=1921856 list [2040752, 2054376, 2068928, 1045712, 941984, 526200, 387720, 341464, 190224, 186808, 160128, 96472, 36832, 17752, 12296]
Add 453992, last=1921856 list [2040752, 2054376, 2068928, 1045712, 941984, 526200, 453992, 387720, 341464, 190224, 186808, 160128, 96472, 36832, 17752, 12296]
Add 638136, last=1921856 list [2040752, 2054376, 2068928, 1045712, 941984, 638136, 526200, 453992, 387720, 341464, 190224, 186808, 160128, 96472, 36832, 17752, 12296]
Add 1579104, last=1921856 list [2040752, 2054376, 2068928, 1579104, 1045712, 941984, 638136, 526200, 453992, 387720, 341464, 190224, 186808, 160128, 96472, 36832, 17752, 12296]
Add 833968, last=1921856 list [2040752, 2054376, 2068928, 1579104, 1045712, 941984, 833968, 638136, 526200, 453992, 387720, 341464, 190224, 186808, 160128, 96472, 36832, 17752, 12296]
Add 2001016, last=1921856 list [2001016, 2040752, 2054376, 2068928, 1579104, 1045712, 941984, 833968, 638136, 526200, 453992, 387720, 341464, 190224, 186808, 160128, 96472, 36832, 17752, 12296]
Add 191984, last=1921856 list [2001016, 2040752, 2054376, 2068928, 1579104, 1045712, 941984, 833968, 638136, 526200, 453992, 387720, 341464, 191984, 190224, 186808, 160128, 96472, 36832, 17752, 12296]
Add 1393792, last=1921856 list [2001016, 2040752, 2054376, 2068928, 1579104, 1393792, 1045712, 941984, 833968, 638136, 526200, 453992, 387720, 341464, 191984, 190224, 186808, 160128, 96472, 36832, 17752, 12296]
Add 1522808, last=1921856 list [2001016, 2040752, 2054376, 2068928, 1579104, 1522808, 1393792, 1045712, 941984, 833968, 638136, 526200, 453992, 387720, 341464, 191984, 190224, 186808, 160128, 96472, 36832, 17752, 12296]
Add 1256560, last=1921856 list [2001016, 2040752, 2054376, 2068928, 1579104, 1522808, 1393792, 1256560, 1045712, 941984, 833968, 638136, 526200, 453992, 387720, 341464, 191984, 190224, 186808, 160128, 96472, 36832, 17752, 12296]
Add 1713608, last=1921856 list [2001016, 2040752, 2054376, 2068928, 1713608, 1579104, 1522808, 1393792, 1256560, 1045712, 941984, 833968, 638136, 526200, 453992, 387720, 341464, 191984, 190224, 186808, 160128, 96472, 36832, 17752, 12296]
Add 487600, last=1921856 list [2001016, 2040752, 2054376, 2068928, 1713608, 1579104, 1522808, 1393792, 1256560, 1045712, 941984, 833968, 638136, 526200, 487600, 453992, 387720, 341464, 191984, 190224, 186808, 160128, 96472, 36832, 17752, 12296]
Add 1001976, last=1921856 list [2001016, 2040752, 2054376, 2068928, 1713608, 1579104, 1522808, 1393792, 1256560, 1045712, 1001976, 941984, 833968, 638136, 526200, 487600, 453992, 387720, 341464, 191984, 190224, 186808, 160128, 96472, 36832, 17752, 12296]
Add 1477600, last=1921856 list [2001016, 2040752, 2054376, 2068928, 1713608, 1579104, 1522808, 1477600, 1393792, 1256560, 1045712, 1001976, 941984, 833968, 638136, 526200, 487600, 453992, 387720, 341464, 191984, 190224, 186808, 160128, 96472, 36832, 17752, 12296]
Add 1175600, last=1921856 list [2001016, 2040752, 2054376, 2068928, 1713608, 1579104, 1522808, 1477600, 1393792, 1256560, 1175600, 1045712, 1001976, 941984, 833968, 638136, 526200, 487600, 453992, 387720, 341464, 191984, 190224, 186808, 160128, 96472, 36832, 17752, 12296]
Add 1038952, last=1921856 list [2001016, 2040752, 2054376, 2068928, 1713608, 1579104, 1522808, 1477600, 1393792, 1256560, 1175600, 1045712, 1038952, 1001976, 941984, 833968, 638136, 526200, 487600, 453992, 387720, 341464, 191984, 190224, 186808, 160128, 96472, 36832, 17752, 12296]
Add 36096, last=1921856 list [2001016, 2040752, 2054376, 2068928, 1713608, 1579104, 1522808, 1477600, 1393792, 1256560, 1175600, 1045712, 1038952, 1001976, 941984, 833968, 638136, 526200, 487600, 453992, 387720, 341464, 191984, 190224, 186808, 160128, 96472, 36832, 36096, 17752, 12296]
Add 357728, last=1921856 list [2001016, 2040752, 2054376, 2068928, 1713608, 1579104, 1522808, 1477600, 1393792, 1256560, 1175600, 1045712, 1038952, 1001976, 941984, 833968, 638136, 526200, 487600, 453992, 387720, 357728, 341464, 191984, 190224, 186808, 160128, 96472, 36832, 36096, 17752, 12296]
Add 400752, last=1921856 list [2001016, 2040752, 2054376, 2068928, 1713608, 1579104, 1522808, 1477600, 1393792, 1256560, 1175600, 1045712, 1038952, 1001976, 941984, 833968, 638136, 526200, 487600, 453992, 400752, 387720, 357728, 341464, 191984, 190224, 186808, 160128, 96472, 36832, 36096, 17752, 12296]
Add 298280, last=1921856 list [2001016, 2040752, 2054376, 2068928, 1713608, 1579104, 1522808, 1477600, 1393792, 1256560, 1175600, 1045712, 1038952, 1001976, 941984, 833968, 638136, 526200, 487600, 453992, 400752, 387720, 357728, 341464, 298280, 191984, 190224, 186808, 160128, 96472, 36832, 36096, 17752, 12296]
Add 85016, last=1921856 list [2001016, 2040752, 2054376, 2068928, 1713608, 1579104, 1522808, 1477600, 1393792, 1256560, 1175600, 1045712, 1038952, 1001976, 941984, 833968, 638136, 526200, 487600, 453992, 400752, 387720, 357728, 341464, 298280, 191984, 190224, 186808, 160128, 96472, 85016, 36832, 36096, 17752, 12296]
Add 363184, last=1921856 list [2001016, 2040752, 2054376, 2068928, 1713608, 1579104, 1522808, 1477600, 1393792, 1256560, 1175600, 1045712, 1038952, 1001976, 941984, 833968, 638136, 526200, 487600, 453992, 400752, 387720, 363184, 357728, 341464, 298280, 191984, 190224, 186808, 160128, 96472, 85016, 36832, 36096, 17752, 12296]
Add 2095336, last=1921856 list [2001016, 2040752, 2054376, 2068928, 2095336, 1713608, 1579104, 1522808, 1477600, 1393792, 1256560, 1175600, 1045712, 1038952, 1001976, 941984, 833968, 638136, 526200, 487600, 453992, 400752, 387720, 363184, 357728, 341464, 298280, 191984, 190224, 186808, 160128, 96472, 85016, 36832, 36096, 17752, 12296]
Add 268744, last=1921856 list [2001016, 2040752, 2054376, 2068928, 2095336, 1713608, 1579104, 1522808, 1477600, 1393792, 1256560, 1175600, 1045712, 1038952, 1001976, 941984, 833968, 638136, 526200, 487600, 453992, 400752, 387720, 363184, 357728, 341464, 298280, 268744, 191984, 190224, 186808, 160128, 96472, 85016, 36832, 36096, 17752, 12296]
Add 2031008, last=1921856 list [2001016, 2031008, 2040752, 2054376, 2068928, 2095336, 1713608, 1579104, 1522808, 1477600, 1393792, 1256560, 1175600, 1045712, 1038952, 1001976, 941984, 833968, 638136, 526200, 487600, 453992, 400752, 387720, 363184, 357728, 341464, 298280, 268744, 191984, 190224, 186808, 160128, 96472, 85016, 36832, 36096, 17752, 12296]
Add 816536, last=1921856 list [2001016, 2031008, 2040752, 2054376, 2068928, 2095336, 1713608, 1579104, 1522808, 1477600, 1393792, 1256560, 1175600, 1045712, 1038952, 1001976, 941984, 833968, 816536, 638136, 526200, 487600, 453992, 400752, 387720, 363184, 357728, 341464, 298280, 268744, 191984, 190224, 186808, 160128, 96472, 85016, 36832, 36096, 17752, 12296]
Add 1143736, last=1921856 list [2001016, 2031008, 2040752, 2054376, 2068928, 2095336, 1713608, 1579104, 1522808, 1477600, 1393792, 1256560, 1175600, 1143736, 1045712, 1038952, 1001976, 941984, 833968, 816536, 638136, 526200, 487600, 453992, 400752, 387720, 363184, 357728, 341464, 298280, 268744, 191984, 190224, 186808, 160128, 96472, 85016, 36832, 36096, 17752, 12296]
Add 1661872, last=1629976 list [1621640, 1661872]
Add 115584, last=1629976 list [1621640, 1661872, 115584]
Add 408424, last=1629976 list [1621640, 1661872, 408424, 115584]
Add 1221864, last=1629976 list [1621640, 1661872, 1221864, 408424, 115584]
Add 1282264, last=1629976 list [1621640, 1661872, 1282264, 1221864, 408424, 115584]
Add 1879952, last=1629976 list [1621640, 1661872, 1879952, 1282264, 1221864, 408424, 115584]
Add 1894472, last=1629976 list [1621640, 1661872, 1879952, 1894472, 1282264, 1221864, 408424, 115584]
Add 1895896, last=1629976 list [1621640, 1661872, 1879952, 1894472, 1895896, 1282264, 1221864, 408424, 115584]
Add 2096824, last=1629976 list [1621640, 1661872, 1879952, 1894472, 1895896, 2096824, 1282264, 1221864, 408424, 115584]
Add 2073704, last=1629976 list [1621640, 1661872, 1879952, 1894472, 1895896, 2073704, 2096824, 1282264, 1221864, 408424, 115584]
Add 604560, last=1629976 list [1621640, 1661872, 1879952, 1894472, 1895896, 2073704, 2096824, 1282264, 1221864, 604560, 408424, 115584]
Add 1124720, last=1629976 list [1621640, 1661872, 1879952, 1894472, 1895896, 2073704, 2096824, 1282264, 1221864, 1124720, 604560, 408424, 115584]
Add 528936, last=1629976 list [1621640, 1661872, 1879952, 1894472, 1895896, 2073704, 2096824, 1282264, 1221864, 1124720, 604560, 528936, 408424, 115584]
Add 1209960, last=1629976 list [1621640, 1661872, 1879952, 1894472, 1895896, 2073704, 2096824, 1282264, 1221864, 1209960, 1124720, 604560, 528936, 408424, 115584]
Add 857336, last=1629976 list [1621640, 1661872, 1879952, 1894472, 1895896, 2073704, 2096824, 1282264, 1221864, 1209960, 1124720, 857336, 604560, 528936, 408424, 115584]
Add 1173104, last=1221864 list [1209960, 1173104, 1124720, 857336, 604560, 528936, 408424, 115584]
Add 1187080, last=1221864 list [1209960, 1187080, 1173104, 1124720, 857336, 604560, 528936, 408424, 115584]
Add 318496, last=1221864 list [1209960, 1187080, 1173104, 1124720, 857336, 604560, 528936, 408424, 318496, 115584]
Add 2085872, last=1221864 list [1209960, 1187080, 1173104, 1124720, 857336, 604560, 528936, 408424, 318496, 115584, 2085872]
Add 255184, last=1221864 list [1209960, 1187080, 1173104, 1124720, 857336, 604560, 528936, 408424, 318496, 255184, 115584, 2085872]
Add 796584, last=1221864 list [1209960, 1187080, 1173104, 1124720, 857336, 796584, 604560, 528936, 408424, 318496, 255184, 115584, 2085872]
Add 847400, last=1221864 list [1209960, 1187080, 1173104, 1124720, 857336, 847400, 796584, 604560, 528936, 408424, 318496, 255184, 115584, 2085872]
Add 478544, last=1221864 list [1209960, 1187080, 1173104, 1124720, 857336, 847400, 796584, 604560, 528936, 478544, 408424, 318496, 255184, 115584, 2085872]
Add 1472280, last=1221864 list [1209960, 1187080, 1173104, 1124720, 857336, 847400, 796584, 604560, 528936, 478544, 408424, 318496, 255184, 115584, 1472280, 2085872]
Add 2016976, last=1221864 list [1209960, 1187080, 1173104, 1124720, 857336, 847400, 796584, 604560, 528936, 478544, 408424, 318496, 255184, 115584, 1472280, 2016976, 2085872]
Add 1942192, last=1221864 list [1209960, 1187080, 1173104, 1124720, 857336, 847400, 796584, 604560, 528936, 478544, 408424, 318496, 255184, 115584, 1472280, 1942192, 2016976, 2085872]
Add 768056, last=1221864 list [1209960, 1187080, 1173104, 1124720, 857336, 847400, 796584, 768056, 604560, 528936, 478544, 408424, 318496, 255184, 115584, 1472280, 1942192, 2016976, 2085872]
Add 33648, last=1221864 list [1209960, 1187080, 1173104, 1124720, 857336, 847400, 796584, 768056, 604560, 528936, 478544, 408424, 318496, 255184, 115584, 33648, 1472280, 1942192, 2016976, 2085872]
Add 1535112, last=1221864 list [1209960, 1187080, 1173104, 1124720, 857336, 847400, 796584, 768056, 604560, 528936, 478544, 408424, 318496, 255184, 115584, 33648, 1472280, 1535112, 1942192, 2016976, 2085872]
Add 1788600, last=1221864 list [1209960, 1187080, 1173104, 1124720, 857336, 847400, 796584, 768056, 604560, 528936, 478544, 408424, 318496, 255184, 115584, 33648, 1472280, 1535112, 1788600, 1942192, 2016976, 2085872]
Add 727296, last=1221864 list [1209960, 1187080, 1173104, 1124720, 857336, 847400, 796584, 768056, 727296, 604560, 528936, 478544, 408424, 318496, 255184, 115584, 33648, 1472280, 1535112, 1788600, 1942192, 2016976, 2085872]
Add 192816, last=1221864 list [1209960, 1187080, 1173104, 1124720, 857336, 847400, 796584, 768056, 727296, 604560, 528936, 478544, 408424, 318496, 255184, 192816, 115584, 33648, 1472280, 1535112, 1788600, 1942192, 2016976, 2085872]
Add 747504, last=1221864 list [1209960, 1187080, 1173104, 1124720, 857336, 847400, 796584, 768056, 747504, 727296, 604560, 528936, 478544, 408424, 318496, 255184, 192816, 115584, 33648, 1472280, 1535112, 1788600, 1942192, 2016976, 2085872]
Add 1903136, last=1221864 list [1209960, 1187080, 1173104, 1124720, 857336, 847400, 796584, 768056, 747504, 727296, 604560, 528936, 478544, 408424, 318496, 255184, 192816, 115584, 33648, 1472280, 1535112, 1788600, 1903136, 1942192, 2016976, 2085872]
Add 586552, last=1221864 list [1209960, 1187080, 1173104, 1124720, 857336, 847400, 796584, 768056, 747504, 727296, 604560, 586552, 528936, 478544, 408424, 318496, 255184, 192816, 115584, 33648, 1472280, 1535112, 1788600, 1903136, 1942192, 2016976, 2085872]
Add 1452280, last=1221864 list [1209960, 1187080, 1173104, 1124720, 857336, 847400, 796584, 768056, 747504, 727296, 604560, 586552, 528936, 478544, 408424, 318496, 255184, 192816, 115584, 33648, 1452280, 1472280, 1535112, 1788600, 1903136, 1942192, 2016976, 2085872]
Add 1222400, last=1221864 list [1222400, 1209960, 1187080, 1173104, 1124720, 857336, 847400, 796584, 768056, 747504, 727296, 604560, 586552, 528936, 478544, 408424, 318496, 255184, 192816, 115584, 33648, 1452280, 1472280, 1535112, 1788600, 1903136, 1942192, 2016976, 2085872]
Add 1105472, last=1221864 list [1222400, 1209960, 1187080, 1173104, 1124720, 1105472, 857336, 847400, 796584, 768056, 747504, 727296, 604560, 586552, 528936, 478544, 408424, 318496, 255184, 192816, 115584, 33648, 1452280, 1472280, 1535112, 1788600, 1903136, 1942192, 2016976, 2085872]
Add 999456, last=1221864 list [1222400, 1209960, 1187080, 1173104, 1124720, 1105472, 999456, 857336, 847400, 796584, 768056, 747504, 727296, 604560, 586552, 528936, 478544, 408424, 318496, 255184, 192816, 115584, 33648, 1452280, 1472280, 1535112, 1788600, 1903136, 1942192, 2016976, 2085872]
Add 529848, last=1221864 list [1222400, 1209960, 1187080, 1173104, 1124720, 1105472, 999456, 857336, 847400, 796584, 768056, 747504, 727296, 604560, 586552, 529848, 528936, 478544, 408424, 318496, 255184, 192816, 115584, 33648, 1452280, 1472280, 1535112, 1788600, 1903136, 1942192, 2016976, 2085872]
Add 247832, last=1221864 list [1222400, 1209960, 1187080, 1173104, 1124720, 1105472, 999456, 857336, 847400, 796584, 768056, 747504, 727296, 604560, 586552, 529848, 528936, 478544, 408424, 318496, 255184, 247832, 192816, 115584, 33648, 1452280, 1472280, 1535112, 1788600, 1903136, 1942192, 2016976, 2085872]
Add 1726416, last=1221864 list [1222400, 1209960, 1187080, 1173104, 1124720, 1105472, 999456, 857336, 847400, 796584, 768056, 747504, 727296, 604560, 586552, 529848, 528936, 478544, 408424, 318496, 255184, 247832, 192816, 115584, 33648, 1452280, 1472280, 1535112, 1726416, 1788600, 1903136, 1942192, 2016976, 2085872]
Add 280808, last=1221864 list [1222400, 1209960, 1187080, 1173104, 1124720, 1105472, 999456, 857336, 847400, 796584, 768056, 747504, 727296, 604560, 586552, 529848, 528936, 478544, 408424, 318496, 280808, 255184, 247832, 192816, 115584, 33648, 1452280, 1472280, 1535112, 1726416, 1788600, 1903136, 1942192, 2016976, 2085872]
Add 92728, last=1221864 list [1222400, 1209960, 1187080, 1173104, 1124720, 1105472, 999456, 857336, 847400, 796584, 768056, 747504, 727296, 604560, 586552, 529848, 528936, 478544, 408424, 318496, 280808, 255184, 247832, 192816, 115584, 92728, 33648, 1452280, 1472280, 1535112, 1726416, 1788600, 1903136, 1942192, 2016976, 2085872]
Add 205792, last=1221864 list [1222400, 1209960, 1187080, 1173104, 1124720, 1105472, 999456, 857336, 847400, 796584, 768056, 747504, 727296, 604560, 586552, 529848, 528936, 478544, 408424, 318496, 280808, 255184, 247832, 205792, 192816, 115584, 92728, 33648, 1452280, 1472280, 1535112, 1726416, 1788600, 1903136, 1942192, 2016976, 2085872]
Add 368032, last=1221864 list [1222400, 1209960, 1187080, 1173104, 1124720, 1105472, 999456, 857336, 847400, 796584, 768056, 747504, 727296, 604560, 586552, 529848, 528936, 478544, 408424, 368032, 318496, 280808, 255184, 247832, 205792, 192816, 115584, 92728, 33648, 1452280, 1472280, 1535112, 1726416, 1788600, 1903136, 1942192, 2016976, 2085872]
Add 267272, last=1221864 list [1222400, 1209960, 1187080, 1173104, 1124720, 1105472, 999456, 857336, 847400, 796584, 768056, 747504, 727296, 604560, 586552, 529848, 528936, 478544, 408424, 368032, 318496, 280808, 267272, 255184, 247832, 205792, 192816, 115584, 92728, 33648, 1452280, 1472280, 1535112, 1726416, 1788600, 1903136, 1942192, 2016976, 2085872]
Add 1498160, last=1221864 list [1222400, 1209960, 1187080, 1173104, 1124720, 1105472, 999456, 857336, 847400, 796584, 768056, 747504, 727296, 604560, 586552, 529848, 528936, 478544, 408424, 368032, 318496, 280808, 267272, 255184, 247832, 205792, 192816, 115584, 92728, 33648, 1452280, 1472280, 1498160, 1535112, 1726416, 1788600, 1903136, 1942192, 2016976, 2085872]
Add 1840344, last=718984 list [1146512, 1840344]
Add 570032, last=718984 list [570032, 1146512, 1840344]
Add 256048, last=718984 list [570032, 256048, 1146512, 1840344]
Add 1010936, last=718984 list [570032, 256048, 1010936, 1146512, 1840344]
Add 131992, last=718984 list [570032, 256048, 131992, 1010936, 1146512, 1840344]
Add 647560, last=718984 list [647560, 570032, 256048, 131992, 1010936, 1146512, 1840344]
Add 138192, last=718984 list [647560, 570032, 256048, 138192, 131992, 1010936, 1146512, 1840344]
Add 1159736, last=718984 list [647560, 570032, 256048, 138192, 131992, 1010936, 1146512, 1159736, 1840344]
Add 1262152, last=718984 list [647560, 570032, 256048, 138192, 131992, 1010936, 1146512, 1159736, 1262152, 1840344]
Add 1549640, last=718984 list [647560, 570032, 256048, 138192, 131992, 1010936, 1146512, 1159736, 1262152, 1549640, 1840344]
Add 1407200, last=718984 list [647560, 570032, 256048, 138192, 131992, 1010936, 1146512, 1159736, 1262152, 1407200, 1549640, 1840344]
Add 210304, last=718984 list [647560, 570032, 256048, 210304, 138192, 131992, 1010936, 1146512, 1159736, 1262152, 1407200, 1549640, 1840344]
Add 597376, last=718984 list [647560, 597376, 570032, 256048, 210304, 138192, 131992, 1010936, 1146512, 1159736, 1262152, 1407200, 1549640, 1840344]
Add 847656, last=718984 list [647560, 597376, 570032, 847656, 256048, 210304, 138192, 131992, 1010936, 1146512, 1159736, 1262152, 1407200, 1549640, 1840344]
Add 367944, last=718984 list [647560, 597376, 570032, 367944, 847656, 256048, 210304, 138192, 131992, 1010936, 1146512, 1159736, 1262152, 1407200, 1549640, 1840344]
Add 230720, last=718984 list [647560, 597376, 570032, 367944, 230720, 847656, 256048, 210304, 138192, 131992, 1010936, 1146512, 1159736, 1262152, 1407200, 1549640, 1840344]
Add 1134808, last=718984 list [647560, 597376, 570032, 367944, 230720, 847656, 1134808, 256048, 210304, 138192, 131992, 1010936, 1146512, 1159736, 1262152, 1407200, 1549640, 1840344]
Add 1655296, last=718984 list [647560, 597376, 570032, 367944, 230720, 847656, 1134808, 1655296, 256048, 210304, 138192, 131992, 1010936, 1146512, 1159736, 1262152, 1407200, 1549640, 1840344]
Add 1527688, last=718984 list [647560, 597376, 570032, 367944, 230720, 847656, 1134808, 1527688, 1655296, 256048, 210304, 138192, 131992, 1010936, 1146512, 1159736, 1262152, 1407200, 1549640, 1840344]
Add 1513168, last=718984 list [647560, 597376, 570032, 367944, 230720, 847656, 1134808, 1513168, 1527688, 1655296, 256048, 210304, 138192, 131992, 1010936, 1146512, 1159736, 1262152, 1407200, 1549640, 1840344]
Add 71312, last=718984 list [647560, 597376, 570032, 367944, 230720, 71312, 847656, 1134808, 1513168, 1527688, 1655296, 256048, 210304, 138192, 131992, 1010936, 1146512, 1159736, 1262152, 1407200, 1549640, 1840344]
Add 1124104, last=718984 list [647560, 597376, 570032, 367944, 230720, 71312, 847656, 1124104, 1134808, 1513168, 1527688, 1655296, 256048, 210304, 138192, 131992, 1010936, 1146512, 1159736, 1262152, 1407200, 1549640, 1840344]
Add 1337752, last=718984 list [647560, 597376, 570032, 367944, 230720, 71312, 847656, 1124104, 1134808, 1337752, 1513168, 1527688, 1655296, 256048, 210304, 138192, 131992, 1010936, 1146512, 1159736, 1262152, 1407200, 1549640, 1840344]
Add 376656, last=718984 list [647560, 597376, 570032, 376656, 367944, 230720, 71312, 847656, 1124104, 1134808, 1337752, 1513168, 1527688, 1655296, 256048, 210304, 138192, 131992, 1010936, 1146512, 1159736, 1262152, 1407200, 1549640, 1840344]
Add 1858544, last=718984 list [647560, 597376, 570032, 376656, 367944, 230720, 71312, 847656, 1124104, 1134808, 1337752, 1513168, 1527688, 1655296, 1858544, 256048, 210304, 138192, 131992, 1010936, 1146512, 1159736, 1262152, 1407200, 1549640, 1840344]
Add 627544, last=718984 list [647560, 627544, 597376, 570032, 376656, 367944, 230720, 71312, 847656, 1124104, 1134808, 1337752, 1513168, 1527688, 1655296, 1858544, 256048, 210304, 138192, 131992, 1010936, 1146512, 1159736, 1262152, 1407200, 1549640, 1840344]
Add 1220184, last=718984 list [647560, 627544, 597376, 570032, 376656, 367944, 230720, 71312, 847656, 1124104, 1134808, 1220184, 1337752, 1513168, 1527688, 1655296, 1858544, 256048, 210304, 138192, 131992, 1010936, 1146512, 1159736, 1262152, 1407200, 1549640, 1840344]
Add 978504, last=718984 list [647560, 627544, 597376, 570032, 376656, 367944, 230720, 71312, 847656, 978504, 1124104, 1134808, 1220184, 1337752, 1513168, 1527688, 1655296, 1858544, 256048, 210304, 138192, 131992, 1010936, 1146512, 1159736, 1262152, 1407200, 1549640, 1840344]
Add 1109232, last=718984 list [647560, 627544, 597376, 570032, 376656, 367944, 230720, 71312, 847656, 978504, 1109232, 1124104, 1134808, 1220184, 1337752, 1513168, 1527688, 1655296, 1858544, 256048, 210304, 138192, 131992, 1010936, 1146512, 1159736, 1262152, 1407200, 1549640, 1840344]
Add 514304, last=718984 list [647560, 627544, 597376, 570032, 514304, 376656, 367944, 230720, 71312, 847656, 978504, 1109232, 1124104, 1134808, 1220184, 1337752, 1513168, 1527688, 1655296, 1858544, 256048, 210304, 138192, 131992, 1010936, 1146512, 1159736, 1262152, 1407200, 1549640, 1840344]
Add 280568, last=718984 list [647560, 627544, 597376, 570032, 514304, 376656, 367944, 280568, 230720, 71312, 847656, 978504, 1109232, 1124104, 1134808, 1220184, 1337752, 1513168, 1527688, 1655296, 1858544, 256048, 210304, 138192, 131992, 1010936, 1146512, 1159736, 1262152, 1407200, 1549640, 1840344]
Add 500376, last=718984 list [647560, 627544, 597376, 570032, 514304, 500376, 376656, 367944, 280568, 230720, 71312, 847656, 978504, 1109232, 1124104, 1134808, 1220184, 1337752, 1513168, 1527688, 1655296, 1858544, 256048, 210304, 138192, 131992, 1010936, 1146512, 1159736, 1262152, 1407200, 1549640, 1840344]
Add 1667400, last=718984 list [647560, 627544, 597376, 570032, 514304, 500376, 376656, 367944, 280568, 230720, 71312, 847656, 978504, 1109232, 1124104, 1134808, 1220184, 1337752, 1513168, 1527688, 1655296, 1667400, 1858544, 256048, 210304, 138192, 131992, 1010936, 1146512, 1159736, 1262152, 1407200, 1549640, 1840344]
Add 1725904, last=718984 list [647560, 627544, 597376, 570032, 514304, 500376, 376656, 367944, 280568, 230720, 71312, 847656, 978504, 1109232, 1124104, 1134808, 1220184, 1337752, 1513168, 1527688, 1655296, 1667400, 1725904, 1858544, 256048, 210304, 138192, 131992, 1010936, 1146512, 1159736, 1262152, 1407200, 1549640, 1840344]
Add 2079784, last=718984 list [647560, 627544, 597376, 570032, 514304, 500376, 376656, 367944, 280568, 230720, 71312, 847656, 978504, 1109232, 1124104, 1134808, 1220184, 1337752, 1513168, 1527688, 1655296, 1667400, 1725904, 1858544, 2079784, 256048, 210304, 138192, 131992, 1010936, 1146512, 1159736, 1262152, 1407200, 1549640, 1840344]
Add 1205560, last=718984 list [647560, 627544, 597376, 570032, 514304, 500376, 376656, 367944, 280568, 230720, 71312, 847656, 978504, 1109232, 1124104, 1134808, 1205560, 1220184, 1337752, 1513168, 1527688, 1655296, 1667400, 1725904, 1858544, 2079784, 256048, 210304, 138192, 131992, 1010936, 1146512, 1159736, 1262152, 1407200, 1549640, 1840344]
Add 1061320, last=718984 list [647560, 627544, 597376, 570032, 514304, 500376, 376656, 367944, 280568, 230720, 71312, 847656, 978504, 1061320, 1109232, 1124104, 1134808, 1205560, 1220184, 1337752, 1513168, 1527688, 1655296, 1667400, 1725904, 1858544, 2079784, 256048, 210304, 138192, 131992, 1010936, 1146512, 1159736, 1262152, 1407200, 1549640, 1840344]
Add 809272, last=718984 list [647560, 627544, 597376, 570032, 514304, 500376, 376656, 367944, 280568, 230720, 71312, 809272, 847656, 978504, 1061320, 1109232, 1124104, 1134808, 1205560, 1220184, 1337752, 1513168, 1527688, 1655296, 1667400, 1725904, 1858544, 2079784, 256048, 210304, 138192, 131992, 1010936, 1146512, 1159736, 1262152, 1407200, 1549640, 1840344]
Add 1532488, last=718984 list [647560, 627544, 597376, 570032, 514304, 500376, 376656, 367944, 280568, 230720, 71312, 809272, 847656, 978504, 1061320, 1109232, 1124104, 1134808, 1205560, 1220184, 1337752, 1513168, 1527688, 1532488, 1655296, 1667400, 1725904, 1858544, 2079784, 256048, 210304, 138192, 131992, 1010936, 1146512, 1159736, 1262152, 1407200, 1549640, 1840344]
Add 2079480, last=718984 list [647560, 627544, 597376, 570032, 514304, 500376, 376656, 367944, 280568, 230720, 71312, 809272, 847656, 978504, 1061320, 1109232, 1124104, 1134808, 1205560, 1220184, 1337752, 1513168, 1527688, 1532488, 1655296, 1667400, 1725904, 1858544, 2079480, 2079784, 256048, 210304, 138192, 131992, 1010936, 1146512, 1159736, 1262152, 1407200, 1549640, 1840344]
Add 1706600, last=718984 list [647560, 627544, 597376, 570032, 514304, 500376, 376656, 367944, 280568, 230720, 71312, 809272, 847656, 978504, 1061320, 1109232, 1124104, 1134808, 1205560, 1220184, 1337752, 1513168, 1527688, 1532488, 1655296, 1667400, 1706600, 1725904, 1858544, 2079480, 2079784, 256048, 210304, 138192, 131992, 1010936, 1146512, 1159736, 1262152, 1407200, 1549640, 1840344]
erro, disp 230720 deveria ser disp 256048
	last=280568, 49848 > 24520  'M'
erro, disp 71312 deveria ser disp 210304
	last=230720, 159408 > 20416  'M'
erro, disp 809272 deveria ser disp 131992
	last=71312, 737960 > 60680  'M'
erro, disp 1061320 deveria ser disp 1010936
	last=978504, 82816 > 32432  'M'
erro, disp 1205560 deveria ser disp 1146512
	last=1134808, 70752 > 11704  'M'
erro, disp 1337752 deveria ser disp 1262152
	last=1220184, 117568 > 41968  'M'
erro, disp 1513168 deveria ser disp 1407200
	last=1337752, 175416 > 69448  'M'
erro, disp 1655296 deveria ser disp 1549640
	last=1532488, 122808 > 17152  'M'
erro, disp 1858544 deveria ser disp 1840344
	last=1725904, 132640 > 114440  'M'
erro, disp 2079480 deveria ser disp 1840344
	last=1858544, 220936 > 18200  'M'
erro, disp 256048 deveria ser disp 1840344
	last=2079784, 1823736 > 239440  'M'
done


198 listas com 1 reqs
10 listas com 2 reqs
10 listas com 3 reqs
10 listas com 4 reqs
10 listas com 5 reqs
10 listas com 6 reqs
10 listas com 7 reqs
11 listas com 8 reqs
12 listas com 9 reqs
12 listas com 10 reqs
12 listas com 11 reqs
13 listas com 12 reqs
13 listas com 13 reqs
15 listas com 14 reqs
15 listas com 15 reqs
14 listas com 16 reqs
12 listas com 17 reqs
12 listas com 18 reqs
12 listas com 19 reqs
13 listas com 20 reqs
12 listas com 21 reqs
12 listas com 22 reqs
11 listas com 23 reqs
11 listas com 24 reqs
10 listas com 25 reqs
10 listas com 26 reqs
8 listas com 27 reqs
8 listas com 28 reqs
8 listas com 29 reqs
8 listas com 30 reqs
8 listas com 31 reqs
9 listas com 32 reqs
9 listas com 33 reqs
10 listas com 34 reqs
9 listas com 35 reqs
9 listas com 36 reqs
8 listas com 37 reqs
8 listas com 38 reqs
8 listas com 39 reqs
8 listas com 40 reqs
5 listas com 41 reqs
4 listas com 42 reqs
3 listas com 43 reqs
2 listas com 44 reqs
2 listas com 45 reqs
2 listas com 46 reqs
1 listas com 47 reqs
1 listas com 48 reqs
1 listas com 49 reqs
1 listas com 50 reqs
1 listas com 51 reqs
1 listas com 52 reqs
1 listas com 53 reqs
2 listas com 54 reqs
1 listas com 55 reqs
1 listas com 56 reqs
1 listas com 57 reqs
2 listas com 58 reqs
